<?xml version="1.0"?>
<opencv_storage>
<frame_width>1280</frame_width>
<frame_height>720</frame_height>
<aspect_ratio>1.</aspect_ratio>
<camera_matrix type_id="opencv-matrix">
  <rows>3</rows>
  <cols>3</cols>
  <dt>d</dt>
  <data>
    1.4740617918963588e+02 0. 6.3949942505062552e+02 0.
    1.4740617918963588e+02 3.5949981245674792e+02 0. 0. 1.</data></camera_matrix>
<dist_coeffs type_id="opencv-matrix">
  <rows>5</rows>
  <cols>1</cols>
  <dt>d</dt>
  <data>
    -3.3606252843327293e-02 2.6729403252523040e-04
    3.2403026369786660e-03 3.5276625657991163e-03
    -5.5905887835907186e-07</data></dist_coeffs>
<reprojection_error>2.2628468363036413e+02</reprojection_error>
<point_set>
  0. 0. 0. 100. 0. 0. 100. 100. 0. 0. 100. 0. 110. 0. 0. 210. 0. 0. 210.
  100. 0. 110. 100. 0. 220. 0. 0. 320. 0. 0. 320. 100. 0. 220. 100. 0.
  330. 0. 0. 430. 0. 0. 430. 100. 0. 330. 100. 0. 440. 0. 0. 540. 0. 0.
  540. 100. 0. 440. 100. 0. 0. 110. 0. 100. 110. 0. 100. 210. 0. 0. 210.
  0. 110. 110. 0. 210. 110. 0. 210. 210. 0. 110. 210. 0. 220. 110. 0.
  320. 110. 0. 320. 210. 0. 220. 210. 0. 330. 110. 0. 430. 110. 0. 430.
  210. 0. 330. 210. 0. 440. 110. 0. 540. 110. 0. 540. 210. 0. 440. 210.
  0. 0. 220. 0. 100. 220. 0. 100. 320. 0. 0. 320. 0. 110. 220. 0. 210.
  220. 0. 210. 320. 0. 110. 320. 0. 220. 220. 0. 320. 220. 0. 320. 320.
  0. 220. 320. 0. 330. 220. 0. 430. 220. 0. 430. 320. 0. 330. 320. 0.
  440. 220. 0. 540. 220. 0. 540. 320. 0. 440. 320. 0. 0. 330. 0. 100.
  330. 0. 100. 430. 0. 0. 430. 0. 110. 330. 0. 210. 330. 0. 210. 430. 0.
  110. 430. 0. 220. 330. 0. 320. 330. 0. 320. 430. 0. 220. 430. 0. 330.
  330. 0. 430. 330. 0. 430. 430. 0. 330. 430. 0. 440. 330. 0. 540. 330.
  0. 540. 430. 0. 440. 430. 0. 0. 440. 0. 100. 440. 0. 100. 540. 0. 0.
  540. 0. 110. 440. 0. 210. 440. 0. 210. 540. 0. 110. 540. 0. 220. 440.
  0. 320. 440. 0. 320. 540. 0. 220. 540. 0. 330. 440. 0. 430. 440. 0.
  430. 540. 0. 330. 540. 0. 440. 440. 0. 540. 440. 0. 540. 540. 0. 440.
  540. 0. 0. 550. 0. 100. 550. 0. 100. 650. 0. 0. 650. 0. 110. 550. 0.
  210. 550. 0. 210. 650. 0. 110. 650. 0. 220. 550. 0. 320. 550. 0. 320.
  650. 0. 220. 650. 0. 330. 550. 0. 430. 550. 0. 430. 650. 0. 330. 650.
  0. 440. 550. 0. 540. 550. 0. 540. 650. 0. 440. 650. 0. 0. 660. 0. 100.
  660. 0. 100. 760. 0. 0. 760. 0. 110. 660. 0. 210. 660. 0. 210. 760. 0.
  110. 760. 0. 220. 660. 0. 320. 660. 0. 320. 760. 0. 220. 760. 0. 330.
  660. 0. 430. 660. 0. 430. 760. 0. 330. 760. 0. 440. 660. 0. 540. 660.
  0. 540. 760. 0. 440. 760. 0.</point_set>
<corner_list>
  <_>
    602. 444. 660. 438. 667. 496. 609. 501. 596. 379. 653. 373. 659.
    431. 602. 437. 590. 314. 647. 308. 652. 366. 595. 372. 531. 386.
    588. 380. 594. 438. 537. 443. 525. 322. 582. 315. 588. 372. 530.
    378. 583. 252. 640. 244. 646. 301. 589. 308. 538. 451. 595. 445.
    602. 502. 545. 507. 468. 393. 524. 387. 530. 444. 473. 450. 577.
    188. 634. 182. 640. 238. 582. 244. 405. 400. 461. 394. 466. 451.
    410. 457. 474. 457. 530. 451. 538. 508. 482. 513. 610. 508. 668.
    503. 675. 558. 618. 563. 514. 196. 570. 189. 576. 245. 519. 252.
    520. 259. 576. 252. 582. 309. 525. 314. 546. 514. 603. 509. 610.
    564. 554. 569. 463. 330. 518. 323. 524. 379. 468. 386. 401. 338.
    456. 330. 460. 387. 406. 393. 458. 267. 513. 260. 518. 315. 462.
    322. 618. 571. 676. 565. 683. 617. 626. 623. 483. 520. 539. 515.
    547. 569. 492. 573. 453. 205. 507. 197. 512. 252. 458. 260. 555.
    576. 612. 571. 619. 623. 563. 629. 411. 464. 467. 458. 475. 514.
    423. 517. 398. 275. 451. 268. 456. 323. 401. 330. 348. 407. 398.
    401. 403. 457. 349. 463. 394. 214. 446. 206. 450. 261. 397. 268.
    343. 346. 395. 338. 398. 394. 348. 400. 493. 580. 548. 576. 556.
    629. 503. 630. 350. 470. 404. 465. 416. 517. 363. 520. 340. 284.
    391. 276. 394. 331. 343. 338. 376. 587. 429. 580. 441. 628. 386.
    639. 365. 527. 416. 523. 428. 574. 375. 580. 423. 523. 476. 521.
    485. 574. 434. 574. 337. 224. 386. 215. 390. 269. 340. 277. 436.
    580. 487. 580. 496. 631. 448. 629.</_>
  <_>
    599. 552. 658. 544. 667. 604. 608. 613. 533. 562. 591. 553. 600.
    614. 542. 622. 589. 485. 647. 476. 656. 536. 598. 545. 580. 419.
    638. 410. 646. 469. 588. 478. 524. 495. 581. 486. 590. 546. 532.
    554. 460. 505. 517. 496. 525. 555. 468. 563. 469. 571. 526. 563.
    534. 623. 479. 629. 516. 429. 573. 420. 580. 479. 524. 487. 348.
    587. 403. 578. 413. 635. 355. 645. 453. 440. 509. 431. 516. 488.
    459. 497. 573. 356. 630. 347. 636. 403. 579. 412. 510. 367. 566.
    357. 572. 413. 515. 422. 391. 450. 446. 441. 452. 498. 398. 507.
    398. 514. 453. 506. 461. 564. 409. 571. 566. 296. 622. 286. 629.
    340. 572. 350. 449. 377. 503. 368. 508. 424. 452. 432. 339. 523.
    392. 515. 402. 571. 348. 579. 410. 578. 462. 571. 472. 630. 420.
    634. 505. 306. 560. 297. 565. 351. 510. 360. 389. 388. 442. 378.
    446. 433. 391. 442. 333. 461. 384. 451. 390. 508. 337. 516. 445.
    318. 498. 307. 503. 360. 448. 370. 560. 238. 615. 229. 621. 280.
    566. 289. 386. 329. 438. 319. 442. 372. 388. 381. 332. 399. 382.
    389. 384. 444. 334. 454. 500. 248. 553. 239. 559. 290. 504. 299.
    494. 192. 547. 182. 553. 232. 499. 242. 554. 181. 608. 173. 614.
    222. 560. 231. 442. 260. 493. 250. 498. 301. 445. 311. 330. 341.
    380. 330. 382. 382. 331. 392. 384. 272. 435. 262. 438. 312. 386.
    322. 438. 205. 488. 194. 492. 243. 441. 254. 329. 285. 378. 274.
    379. 324. 330. 334. 382. 218. 431. 206. 434. 255. 384. 266. 329.
    231. 376. 219. 377. 267. 329. 278.</_>
  <_>
    926. 329. 1000. 325. 1005. 398. 931. 402. 838. 253. 912. 248. 917.
    320. 842. 325. 843. 334. 917. 330. 922. 402. 847. 406. 931. 411.
    1006. 407. 1009. 478. 934. 483. 828. 91. 902. 85. 906. 158. 833.
    163. 833. 172. 907. 167. 911. 240. 838. 244. 921. 248. 994. 243.
    999. 316. 925. 320. 916. 166. 989. 162. 994. 234. 920. 239. 746. 98.
    820. 91. 824. 163. 751. 170. 751. 178. 824. 172. 829. 244. 755. 250.
    910. 85. 983. 81. 988. 153. 915. 158. 761. 339. 834. 334. 839. 406.
    765. 411. 756. 258. 829. 253. 834. 325. 760. 330. 848. 415. 922.
    411. 925. 483. 852. 487. 680. 344. 752. 339. 756. 412. 684. 416.
    675. 264. 747. 259. 752. 331. 679. 335. 766. 420. 839. 416. 843.
    487. 770. 491. 670. 185. 742. 179. 747. 250. 675. 256. 684. 425.
    757. 420. 761. 491. 689. 495. 934. 491. 1008. 487. 1009. 556. 935.
    560. 666. 106. 738. 99. 742. 170. 670. 176. 852. 495. 926. 492. 926.
    561. 854. 564. 596. 270. 666. 264. 671. 335. 600. 341. 600. 350.
    671. 344. 675. 416. 605. 420. 770. 499. 843. 496. 846. 564. 774.
    568. 587. 114. 657. 107. 662. 177. 591. 184. 591. 192. 661. 185.
    666. 256. 596. 262. 605. 430. 676. 425. 680. 495. 610. 498. 854.
    572. 926. 568. 928. 635. 856. 639. 935. 568. 1008. 564. 1006. 629.
    936. 635. 689. 502. 761. 500. 764. 568. 693. 566. 774. 575. 846.
    573. 848. 639. 776. 639. 610. 504. 680. 502. 686. 566. 616. 570.
    694. 574. 764. 575. 768. 639. 698. 636. 617. 578. 686. 574. 690.
    636. 622. 644.</_>
  <_>
    448. 218. 486. 153. 549. 191. 511. 256. 377. 176. 414. 111. 478.
    149. 440. 213. 476. 332. 514. 268. 578. 306. 541. 369. 519. 260.
    556. 196. 620. 234. 583. 298. 435. 403. 472. 339. 536. 376. 499.
    440. 335. 247. 372. 183. 435. 220. 398. 285. 406. 290. 443. 225.
    506. 263. 469. 327. 306. 133. 345. 69. 407. 106. 370. 170. 265. 205.
    301. 141. 365. 178. 328. 242. 364. 361. 401. 297. 464. 334. 427.
    398. 236. 91. 275. 29. 337. 65. 300. 128. 393. 474. 430. 411. 494.
    447. 457. 509. 295. 319. 330. 255. 393. 292. 357. 356. 196. 164.
    232. 99. 294. 136. 258. 200. 324. 432. 359. 368. 422. 405. 385. 469.
    548. 374. 586. 310. 648. 347. 611. 409. 590. 303. 628. 239. 689.
    276. 653. 339. 227. 277. 260. 213. 323. 250. 287. 314. 506. 444.
    544. 381. 606. 416. 569. 478. 256. 389. 290. 326. 352. 363. 317.
    426. 159. 235. 192. 171. 253. 208. 219. 272. 189. 347. 223. 284.
