<?xml version="1.0"?>
<opencv_storage>
<frame_width>1280</frame_width>
<frame_height>720</frame_height>
<aspect_ratio>1.</aspect_ratio>
<camera_matrix type_id="opencv-matrix">
  <rows>3</rows>
  <cols>3</cols>
  <dt>d</dt>
  <data>
    1.7101447613282656e+02 0. 6.3949999300969819e+02 0.
    1.7101447613282656e+02 3.5949999784175270e+02 0. 0. 1.</data></camera_matrix>
<dist_coeffs type_id="opencv-matrix">
  <rows>5</rows>
  <cols>1</cols>
  <dt>d</dt>
  <data>
    -2.6617718542779823e-02 1.4021109665076294e-04
    3.2176912489387179e-04 -5.2584939227905188e-03
    -1.8426087508871980e-07</data></dist_coeffs>
<reprojection_error>3.0593071024277867e+02</reprojection_error>
<point_set>
  0. 0. 0. 100. 0. 0. 100. 100. 0. 0. 100. 0. 110. 0. 0. 210. 0. 0. 210.
  100. 0. 110. 100. 0. 220. 0. 0. 320. 0. 0. 320. 100. 0. 220. 100. 0.
  330. 0. 0. 430. 0. 0. 430. 100. 0. 330. 100. 0. 440. 0. 0. 540. 0. 0.
  540. 100. 0. 440. 100. 0. 550. 0. 0. 650. 0. 0. 650. 100. 0. 550. 100.
  0. 660. 0. 0. 760. 0. 0. 760. 100. 0. 660. 100. 0. 0. 110. 0. 100.
  110. 0. 100. 210. 0. 0. 210. 0. 110. 110. 0. 210. 110. 0. 210. 210. 0.
  110. 210. 0. 220. 110. 0. 320. 110. 0. 320. 210. 0. 220. 210. 0. 330.
  110. 0. 430. 110. 0. 430. 210. 0. 330. 210. 0. 440. 110. 0. 540. 110.
  0. 540. 210. 0. 440. 210. 0. 550. 110. 0. 650. 110. 0. 650. 210. 0.
  550. 210. 0. 660. 110. 0. 760. 110. 0. 760. 210. 0. 660. 210. 0. 0.
  220. 0. 100. 220. 0. 100. 320. 0. 0. 320. 0. 110. 220. 0. 210. 220. 0.
  210. 320. 0. 110. 320. 0. 220. 220. 0. 320. 220. 0. 320. 320. 0. 220.
  320. 0. 330. 220. 0. 430. 220. 0. 430. 320. 0. 330. 320. 0. 440. 220.
  0. 540. 220. 0. 540. 320. 0. 440. 320. 0. 550. 220. 0. 650. 220. 0.
  650. 320. 0. 550. 320. 0. 660. 220. 0. 760. 220. 0. 760. 320. 0. 660.
  320. 0. 0. 330. 0. 100. 330. 0. 100. 430. 0. 0. 430. 0. 110. 330. 0.
  210. 330. 0. 210. 430. 0. 110. 430. 0. 220. 330. 0. 320. 330. 0. 320.
  430. 0. 220. 430. 0. 330. 330. 0. 430. 330. 0. 430. 430. 0. 330. 430.
  0. 440. 330. 0. 540. 330. 0. 540. 430. 0. 440. 430. 0. 550. 330. 0.
  650. 330. 0. 650. 430. 0. 550. 430. 0. 660. 330. 0. 760. 330. 0. 760.
  430. 0. 660. 430. 0. 0. 440. 0. 100. 440. 0. 100. 540. 0. 0. 540. 0.
  110. 440. 0. 210. 440. 0. 210. 540. 0. 110. 540. 0. 220. 440. 0. 320.
  440. 0. 320. 540. 0. 220. 540. 0. 330. 440. 0. 430. 440. 0. 430. 540.
  0. 330. 540. 0. 440. 440. 0. 540. 440. 0. 540. 540. 0. 440. 540. 0.
  550. 440. 0. 650. 440. 0. 650. 540. 0. 550. 540. 0. 660. 440. 0. 760.
  440. 0. 760. 540. 0. 660. 540. 0.</point_set>
<corner_list>
  <_>
    266. 581. 276. 657. 200. 677. 189. 601. 180. 603. 190. 679. 113.
    698. 104. 622. 350. 559. 362. 635. 286. 654. 275. 579. 434. 539.
    448. 613. 372. 632. 360. 558. 517. 518. 532. 591. 457. 610. 444.
    536. 253. 498. 264. 571. 187. 590. 180. 517. 170. 519. 178. 592.
    103. 611. 96. 537. 337. 478. 349. 549. 274. 569. 264. 496. 596. 499.
    613. 570. 541. 589. 525. 516. 419. 459. 433. 529. 359. 548. 346.
    477. 674. 479. 692. 550. 622. 569. 605. 496. 243. 420. 253. 490.
    178. 507. 172. 437. 161. 440. 170. 509. 95. 527. 89. 458. 499. 440.
    514. 509. 442. 527. 428. 458. 324. 401. 335. 470. 263. 487. 253.
    417. 578. 422. 594. 490. 523. 507. 508. 438. 404. 383. 417. 451.
    346. 467. 334. 399. 483. 366. 498. 431. 427. 448. 414. 381. 654.
    404. 672. 470. 603. 488. 587. 420. 153. 365. 161. 430. 88. 447. 83.
    382. 236. 349. 242. 411. 170. 428. 163. 364. 559. 348. 575. 413.
    506. 429. 492. 364. 468. 295. 482. 357. 412. 373. 400. 309. 634.
    331. 652. 395. 584. 411. 569. 346. 391. 312. 403. 375. 332. 390.
    323. 328. 314. 330. 323. 392. 252. 409. 245. 348. 150. 296. 154.
    355. 84. 373. 81. 310. 543. 279. 558. 340. 490. 355. 477. 293. 229.
    282. 235. 341. 163. 354. 159. 295. 616. 263. 632. 324. 566. 338.
    551. 278. 379. 245. 390. 304. 321. 320. 314. 262. 454. 229. 466.
    287. 398. 301. 388. 244. 305. 264. 313. 322. 245. 338. 239. 281.
    526. 213. 541. 271. 475. 285. 463. 226. 598. 199. 614. 256. 550.
    269. 535. 211.</_>
  <_>
    243. 598. 328. 594. 325. 679. 236. 683. 517. 588. 599. 585. 602.
    671. 517. 674. 609. 585. 690. 583. 693. 665. 612. 670. 516. 495.
    597. 493. 599. 575. 519. 579. 338. 594. 417. 591. 418. 674. 336.
    677. 426. 592. 506. 589. 508. 674. 428. 674. 249. 505. 330. 503.
    328. 583. 243. 585. 607. 493. 687. 491. 690. 573. 610. 575. 426.
    499. 506. 495. 507. 578. 427. 580. 426. 408. 506. 406. 507. 486.
    426. 488. 604. 404. 685. 402. 687. 481. 607. 484. 516. 406. 595.
    404. 597. 484. 517. 486. 250. 416. 328. 411. 330. 491. 250. 494.
    339. 503. 416. 500. 417. 581. 340. 583. 338. 413. 416. 409. 416.
    488. 339. 492. 252. 327. 328. 324. 330. 401. 250. 405. 427. 323.
    506. 320. 506. 396. 427. 400. 339. 324. 417. 321. 416. 398. 339.
    402. 602. 318. 681. 317. 683. 392. 604. 393. 516. 320. 593. 318.
    594. 395. 515. 394. 428. 239. 505. 237. 506. 312. 428. 313. 514.
    238. 592. 235. 593. 309. 516. 311. 343. 241. 420. 240. 417. 313.
    340. 314. 257. 244. 333. 242. 328. 315. 252. 318. 601. 235. 676.
    232. 680. 306. 603. 308. 430. 159. 506. 157. 503. 229. 429. 229.
    515. 156. 590. 156. 590. 226. 515. 228. 599. 154. 673. 152. 676.
    223. 602. 226. 347. 162. 421. 160. 418. 230. 343. 232. 263. 165.
    336. 163. 332. 232. 257. 234. 597. 76. 671. 76. 673. 143. 599. 146.
    514. 79. 588. 77. 589. 146. 515. 147. 432. 82. 505. 80. 504. 149.
    430. 149. 349. 86. 423. 84. 420. 151. 346. 151. 268. 90. 340. 87.
    336. 153. 262. 156.</_>
  <_>
    160. 404. 239. 399. 246. 475. 168. 481. 237. 226. 315. 221. 320.
    298. 242. 302. 149. 232. 227. 227. 233. 302. 154. 308. 232. 141.
    310. 135. 315. 212. 237. 216. 243. 313. 321. 308. 326. 384. 248.
    389. 407. 131. 484. 127. 490. 204. 412. 207. 331. 307. 409. 303.
    413. 379. 336. 384. 155. 318. 233. 313. 239. 389. 162. 394. 325.
    222. 403. 217. 409. 292. 331. 298. 169. 490. 246. 485. 252. 560.
    174. 566. 227. 55. 304. 49. 310. 125. 232. 130. 319. 136. 396. 131.
    402. 207. 324. 211. 418. 303. 496. 299. 500. 374. 423. 379. 249.
    400. 327. 394. 333. 469. 256. 475. 336. 394. 414. 389. 419. 464.
    343. 470. 429. 474. 507. 468. 510. 544. 434. 549. 424. 388. 500.
    383. 505. 459. 428. 464. 145. 146. 222. 141. 227. 216. 149. 221.
    402. 45. 478. 42. 484. 118. 407. 121. 314. 51. 391. 45. 397. 121.
    320. 125. 262. 570. 339. 565. 344. 640. 268. 646. 413. 217. 489.
    213. 495. 288. 418. 293. 342. 480. 419. 474. 425. 548. 347. 554.
    488. 42. 564. 39. 570. 113. 494. 119. 494. 127. 570. 124. 575. 199.
    499. 203. 174. 577. 252. 571. 257. 646. 182. 651. 256. 485. 332.
    480. 338. 554. 262. 561. 520. 553. 596. 547. 600. 622. 524. 628.
    142. 61. 218. 56. 222. 130. 144. 135. 505. 297. 580. 293. 586. 367.
    511. 374. 510. 383. 585. 378. 591. 452. 515. 459. 515. 468. 591.
    464. 596. 536. 519. 544. 348. 565. 425. 560. 429. 634. 354. 640.
    499. 214. 576. 209. 580. 283. 505. 289. 434. 560. 511. 554. 515.
    628. 439. 634.</_>
  <_>
    259. 575. 258. 666. 159. 675. 162. 581. 260. 476. 259. 564. 162.
    570. 164. 480. 361. 567. 362. 656. 271. 665. 270. 575. 261. 382.
    261. 464. 164. 469. 166. 383. 261. 291. 261. 372. 167. 371. 168.
    287. 360. 472. 361. 557. 271. 563. 271. 476. 457. 560. 460. 645.
    373. 654. 372. 567. 261. 202. 261. 282. 168. 276. 171. 196. 359.
    382. 360. 462. 271. 466. 271. 383. 453. 468. 458. 550. 373. 556.
    370. 472. 356. 295. 358. 373. 272. 372. 272. 293. 546. 554. 550.
    635. 470. 645. 467. 560. 450. 381. 454. 459. 369. 462. 369. 382.
    356. 211. 357. 286. 272. 282. 272. 205. 541. 465. 546. 543. 466.
    550. 464. 467. 447. 298. 451. 371. 370. 373. 366. 297. 629. 548.
    634. 627. 561. 636. 555. 554. 537. 381. 541. 456. 464. 458. 460.
    382. 443. 217. 447. 288. 368. 287. 366. 212. 527. 221. 531. 290.
    457. 290. 448. 211. 623. 462. 628. 538. 554. 543. 551. 465. 531.
    299. 536. 371. 459. 372. 456. 298. 706. 543. 712. 619. 642. 626.
