<?xml version="1.0"?>
<opencv_storage>
<frame_width>1280</frame_width>
<frame_height>720</frame_height>
<aspect_ratio>1.</aspect_ratio>
<camera_matrix type_id="opencv-matrix">
  <rows>3</rows>
  <cols>3</cols>
  <dt>d</dt>
  <data>
    9.2971618576270907e+02 0. 6.3950000000000000e+02 0.
    9.2971618576270907e+02 3.5950000000000000e+02 0. 0. 1.</data></camera_matrix>
<dist_coeffs type_id="opencv-matrix">
  <rows>5</rows>
  <cols>1</cols>
  <dt>d</dt>
  <data>
    1.3044822893479341e-13 2.5290134900645025e-09
    -2.4637559698803695e-18 1.2554819742926453e-15
    -5.7911846624662965e-14</data></dist_coeffs>
<reprojection_error>3.6313357640908285e+31</reprojection_error>
<point_set>
  0. 0. 0. 100. 0. 0. 100. 100. 0. 0. 100. 0. 110. 0. 0. 210. 0. 0. 210.
  100. 0. 110. 100. 0. 220. 0. 0. 320. 0. 0. 320. 100. 0. 220. 100. 0.
  330. 0. 0. 430. 0. 0. 430. 100. 0. 330. 100. 0. 440. 0. 0. 540. 0. 0.
  540. 100. 0. 440. 100. 0. 0. 110. 0. 100. 110. 0. 100. 210. 0. 0. 210.
  0. 110. 110. 0. 210. 110. 0. 210. 210. 0. 110. 210. 0. 220. 110. 0.
  320. 110. 0. 320. 210. 0. 220. 210. 0. 330. 110. 0. 430. 110. 0. 430.
  210. 0. 330. 210. 0. 440. 110. 0. 540. 110. 0. 540. 210. 0. 440. 210.
  0. 0. 220. 0. 100. 220. 0. 100. 320. 0. 0. 320. 0. 110. 220. 0. 210.
  220. 0. 210. 320. 0. 110. 320. 0. 220. 220. 0. 320. 220. 0. 320. 320.
  0. 220. 320. 0. 330. 220. 0. 430. 220. 0. 430. 320. 0. 330. 320. 0.
  440. 220. 0. 540. 220. 0. 540. 320. 0. 440. 320. 0. 0. 330. 0. 100.
  330. 0. 100. 430. 0. 0. 430. 0. 110. 330. 0. 210. 330. 0. 210. 430. 0.
  110. 430. 0. 220. 330. 0. 320. 330. 0. 320. 430. 0. 220. 430. 0. 330.
  330. 0. 430. 330. 0. 430. 430. 0. 330. 430. 0. 440. 330. 0. 540. 330.
  0. 540. 430. 0. 440. 430. 0. 0. 440. 0. 100. 440. 0. 100. 540. 0. 0.
  540. 0. 110. 440. 0. 210. 440. 0. 210. 540. 0. 110. 540. 0. 220. 440.
  0. 320. 440. 0. 320. 540. 0. 220. 540. 0. 330. 440. 0. 430. 440. 0.
  430. 540. 0. 330. 540. 0. 440. 440. 0. 540. 440. 0. 540. 540. 0. 440.
  540. 0. 0. 550. 0. 100. 550. 0. 100. 650. 0. 0. 650. 0. 110. 550. 0.
  210. 550. 0. 210. 650. 0. 110. 650. 0. 220. 550. 0. 320. 550. 0. 320.
  650. 0. 220. 650. 0. 330. 550. 0. 430. 550. 0. 430. 650. 0. 330. 650.
  0. 440. 550. 0. 540. 550. 0. 540. 650. 0. 440. 650. 0. 0. 660. 0. 100.
  660. 0. 100. 760. 0. 0. 760. 0. 110. 660. 0. 210. 660. 0. 210. 760. 0.
  110. 760. 0. 220. 660. 0. 320. 660. 0. 320. 760. 0. 220. 760. 0. 330.
  660. 0. 430. 660. 0. 430. 760. 0. 330. 760. 0. 440. 660. 0. 540. 660.
  0. 540. 760. 0. 440. 760. 0.</point_set>
<corner_list>
  <_>
    417. 540. 344. 547. 273. 554. 412. 468. 412. 475. 340. 482. 268.
    489. 407. 404. 477. 469. 404. 476. 332. 482. 471. 397. 482. 534.
    409. 541. 336. 548. 476. 462. -4.04804289e-24 1.45146495e-41
    -4.05028957e-24 1.45146495e-41 -4.04892641e-24 1.45146495e-41
    -4.04867398e-24 1.45146495e-41 3.05483065e-43 0. 4.49816807e-43 0.
    6.74024561e-43 0. 5.75933669e-43 0. 0. 0. 0. 0. 0. 0. 0. 0. 0. 0. 0.
    0. 0. 0. 0. 0. -4.04805551e-24 1.45146495e-41 -4.05030219e-24
    1.45146495e-41 -4.04893904e-24 1.45146495e-41 -4.04868660e-24
    1.45146495e-41 2.95673976e-43 0. 4.63829792e-43 0. 1.96181785e-43 0.
    2.87266185e-43 0. 0. 0. 0. 0. 0. 0. 0. 0. 0. 0. 0. 0. 0. 0. 0. 0.
    -4.04806813e-24 1.45146495e-41 -4.05031481e-24 1.45146495e-41
    -4.04895166e-24 1.45146495e-41 -4.04869922e-24 1.45146495e-41
    2.91470081e-43 0. 2.00385680e-43 0. 5.50710296e-43 0. 1.97583083e-43
    0. 0. 0. 0. 0. 0. 0. 0. 0. 0. 0. 0. 0. 0. 0. 0. 0. -4.04808076e-24
    1.45146495e-41 -4.05032743e-24 1.45146495e-41 -4.04896428e-24
    1.45146495e-41 -4.04871184e-24 1.45146495e-41 2.94272678e-43 0.
    5.12875238e-43 0. 5.40901207e-43 0. 4.34402524e-43 0. 0. 0. 0. 0. 0.
    0. 0. 0. 0. 0. 0. 0. 0. 0. 0. 0. -4.04809338e-24 1.45146495e-41
    -4.05034005e-24 1.45146495e-41 -4.04897690e-24 1.45146495e-41
    -4.04872447e-24 1.45146495e-41 3.62936302e-43 0. 3.04081767e-43 0.
    4.59625896e-43 0. 4.44211613e-43 0. 0. 0. 0. 0. 0. 0. 0. 0. 0. 0. 0.
    0. 0. 0. 0. 0. -4.04810600e-24 1.45146495e-41 -4.05035268e-24
    1.45146495e-41 -4.04898952e-24 1.45146495e-41 -4.04873709e-24
    1.45146495e-41 1.94780487e-43 0. 3.57331108e-43 0. 3.41916825e-43 0.
    3.93764868e-43 0. 0. 0. 0. 0. 0. 0. 0. 0. 0. 0. 0. 0. 0. 0. 0. 0.
    -4.04811862e-24 1.45146495e-41 -4.05036530e-24 1.45146495e-41
    -4.04900215e-24 1.45146495e-41 -4.04874971e-24 1.45146495e-41
    3.47522019e-43 0. 4.51218106e-43 0. 6.58610278e-43 0. 9.66895940e-44
    0. 0. 0. 0. 0. 0. 0. 0. 0. 0. 0. 0. 0. 0. 0. 0. 0. -4.04813124e-24
    1.45146495e-41 -4.05037792e-24 1.45146495e-41 -4.04901477e-24
    1.45146495e-41 -4.04876233e-24 1.45146495e-41 6.81031054e-43 0.
    2.08793471e-43 0. 3.95166167e-43 0. 5.89946653e-43 0. 0. 0. 0. 0. 0.
    0. 0. 0.</_>
  <_>
    1068. 468. 1158. 467. 1064. 385. 897. 472. 1064. 393. 1150. 391.
    1060. 309. 893. 398. 1140. 391. 1226. 389. 1137. 307. 970. 395.
    1148. 467. 1236. 465. 1141. 382. 974. 471. -3.94209572e-24
    1.45146495e-41 -3.94315594e-24 1.45146495e-41 -3.94695510e-24
    1.45146495e-41 -3.94590749e-24 1.45146495e-41 1.87773994e-43 0.
    6.55807681e-43 0. 4.14784345e-43 0. 1.66754517e-43 0. 0. 0. 0. 0. 0.
    0. 0. 0. 0. 0. 0. 0. 0. 0. 0. 0. -3.94210834e-24 1.45146495e-41
    -3.94316857e-24 1.45146495e-41 -3.94696772e-24 1.45146495e-41
    -3.94592011e-24 1.45146495e-41 5.49308998e-43 0. 1.40129846e-43 0.
    4.07777853e-43 0. 4.77842776e-43 0. 0. 0. 0. 0. 0. 0. 0. 0. 0. 0. 0.
    0. 0. 0. 0. 0. 2.35099010e-38 1.03079100e-34 -1.15196494e-19
    2.52233724e-44 804. 229. -3.94593274e-24 1.45146495e-41
    1.04809839e-31 4.59177481e-40 199082. 4.59065377e-41 800. 162.
    3.96567465e-43 0. 3.58732407e-42 2.80259693e-45 0. 0. 872. 159. 0.
    0. 0. 5.51017181e-40 4.46247250e+05 4.59065377e-41 877. 226. 0. 0.
    -3.94213358e-24 1.45146495e-41 -1.15196494e-19 2.52233724e-44
    -3.94699296e-24 1.45146495e-41 -3.94594536e-24 1.45146495e-41
    1.17709071e-43 0. 1.87427250e+05 4.59065377e-41 1.84971397e-43 0.
    2.24207754e-44 0. 0. 0. 0. 0. 0. 0. 0. 0. 0. 0. 4.45722250e+05
    4.59065377e-41 0. 0. 0. 0. -3.94214620e-24 1.45146495e-41
    -7.34683969e-40 0. -3.94700559e-24 1.45146495e-41 -3.94595798e-24
    1.45146495e-41 4.37205121e-43 0. 1.99098125e+05 4.59065377e-41
    5.18480432e-43 0. 2.88667484e-43 0. 0. 0. 0. 0. 0. 0. 0. 0. 0. 0.
    4.45204750e+05 4.59065377e-41 0. 0. 0. 0. -3.94215882e-24
    1.45146495e-41 -3.94321905e-24 1.45146495e-41 -3.94701821e-24
    1.45146495e-41 -3.94597060e-24 1.45146495e-41 2.28411650e-43 0.
    2.99877871e-43 0. 3.79751884e-43 0. 2.39622037e-43 0. 0. 0. 0. 0. 0.
    0. 0. 0. 0. 0. 0. 0. 0. 0. 0. 0. 0. 0. -3.94323168e-24
    1.45146495e-41 4.42520281e+05 2.90199944e-38 -3.94598322e-24
    1.45146495e-41 0. 0. 6.79629755e-43 0. 7.76391993e-38 3.44383111e-41
    1.35925951e-43 0. 0. 0. 0. 0. 8.25364795e-43 1.50463331e-36 0. 0. 0.
    0. 0. 0. 2.81117960e-38 3.44383111e-41 0. 0. 3.39082839e-38
    3.44383111e-41 -3.94324430e-24 1.45146495e-41 -3.94704345e-24
    1.45146495e-41 -3.94599584e-24 1.45146495e-41 3.58746853e-29
    4.59065377e-41 6.22176518e-43 0. 3.08285662e-44 0. 6.48801189e-43 0.
    0. 0. 0. 0. 0. 0. 0. 0.</_>
  <_>
    879. 666. 715. 660. 797. 662. 634. 657. 879. 591. 717. 586. 798.
    588. 637. 583. 952. 593. 789. 588. 870. 590. 708. 585. 951. 668.
    788. 663. 870. 665. 707. 660. -3.94209572e-24 1.45146495e-41
    -3.94315594e-24 1.45146495e-41 -3.94695510e-24 1.45146495e-41
    -3.94590749e-24 1.45146495e-41 1.87773994e-43 0. 6.55807681e-43 0.
    4.14784345e-43 0. 6.81031054e-43 0. 0. 0. 0. 0. 0. 0. 0. 0. 0. 0. 0.
    0. 0. 0. 0. 0. -3.94210834e-24 1.45146495e-41 -3.94316857e-24
    1.45146495e-41 -3.94696772e-24 1.45146495e-41 -3.94592011e-24
    1.45146495e-41 5.49308998e-43 0. 4.61027195e-43 0. 4.07777853e-43 0.
    4.77842776e-43 0. 0. 0. 0. 0. 0. 0. 0. 0. 0. 0. 0. 0. 0. 0. 0. 0.
    2.35099010e-38 1.03079100e-34 -1.15196494e-19 2.52233724e-44 1036.
