<?xml version="1.0"?>
<opencv_storage>
<frame_width>1280</frame_width>
<frame_height>720</frame_height>
<aspect_ratio>1.</aspect_ratio>
<camera_matrix type_id="opencv-matrix">
  <rows>3</rows>
  <cols>3</cols>
  <dt>d</dt>
  <data>
    1.5241781010510746e+02 0. 5.6351363320845792e+02 0.
    1.5241781010510746e+02 3.7570025569168303e+02 0. 0. 1.</data></camera_matrix>
<dist_coeffs type_id="opencv-matrix">
  <rows>5</rows>
  <cols>1</cols>
  <dt>d</dt>
  <data>
    -2.2059289614288352e-02 -3.9061020118790352e-05
    -1.0261359269804734e-04 1.0289742287611574e-02
    3.2142026843406551e-06</data></dist_coeffs>
<reprojection_error>1.7582369409241500e+02</reprojection_error>
<point_set>
  0. 0. 0. 100. 0. 0. 100. 100. 0. 0. 100. 0. 0. 110. 0. 100. 110. 0.
  100. 210. 0. 0. 210. 0. 0. 220. 0. 100. 220. 0. 100. 320. 0. 0. 320.
  0. 0. 330. 0. 100. 330. 0. 100. 430. 0. 0. 430. 0. 0. 440. 0. 100.
  440. 0. 100. 540. 0. 0. 540. 0. 110. 0. 0. 210. 0. 0. 210. 100. 0.
  110. 100. 0. 110. 110. 0. 210. 110. 0. 210. 210. 0. 110. 210. 0. 110.
  220. 0. 210. 220. 0. 210. 320. 0. 110. 320. 0. 110. 330. 0. 210. 330.
  0. 210. 430. 0. 110. 430. 0. 110. 440. 0. 210. 440. 0. 210. 540. 0.
  110. 540. 0. 220. 0. 0. 320. 0. 0. 320. 100. 0. 220. 100. 0. 220. 110.
  0. 320. 110. 0. 320. 210. 0. 220. 210. 0. 220. 220. 0. 320. 220. 0.
  320. 320. 0. 220. 320. 0. 220. 330. 0. 320. 330. 0. 320. 430. 0. 220.
  430. 0. 220. 440. 0. 320. 440. 0. 320. 540. 0. 220. 540. 0. 330. 0. 0.
  430. 0. 0. 430. 100. 0. 330. 100. 0. 330. 110. 0. 430. 110. 0. 430.
  210. 0. 330. 210. 0. 330. 220. 0. 430. 220. 0. 430. 320. 0. 330. 320.
  0. 330. 330. 0. 430. 330. 0. 430. 430. 0. 330. 430. 0. 330. 440. 0.
  430. 440. 0. 430. 540. 0. 330. 540. 0. 440. 0. 0. 540. 0. 0. 540. 100.
  0. 440. 100. 0. 440. 110. 0. 540. 110. 0. 540. 210. 0. 440. 210. 0.
  440. 220. 0. 540. 220. 0. 540. 320. 0. 440. 320. 0. 440. 330. 0. 540.
  330. 0. 540. 430. 0. 440. 430. 0. 440. 440. 0. 540. 440. 0. 540. 540.
  0. 440. 540. 0. 550. 0. 0. 650. 0. 0. 650. 100. 0. 550. 100. 0. 550.
  110. 0. 650. 110. 0. 650. 210. 0. 550. 210. 0. 550. 220. 0. 650. 220.
  0. 650. 320. 0. 550. 320. 0. 550. 330. 0. 650. 330. 0. 650. 430. 0.
  550. 430. 0. 550. 440. 0. 650. 440. 0. 650. 540. 0. 550. 540. 0. 660.
  0. 0. 760. 0. 0. 760. 100. 0. 660. 100. 0. 660. 110. 0. 760. 110. 0.
  760. 210. 0. 660. 210. 0. 660. 220. 0. 760. 220. 0. 760. 320. 0. 660.
  320. 0. 660. 330. 0. 760. 330. 0. 760. 430. 0. 660. 430. 0. 660. 440.
  0. 760. 440. 0. 760. 540. 0. 660. 540. 0.</point_set>
<corner_list>
  <_>
    443. 616. 514. 608. 522. 677. 451. 687. 427. 458. 496. 450. 505.
    521. 434. 529. 270. 476. 340. 468. 346. 539. 276. 547. 364. 625.
    434. 616. 442. 688. 373. 695. 355. 547. 426. 538. 434. 608. 363.
    616. 348. 468. 418. 459. 425. 530. 355. 538. 435. 537. 505. 529.
    513. 599. 442. 607. 192. 485. 261. 477. 267. 548. 197. 556. 276.
    556. 347. 547. 355. 617. 285. 625. 343. 390. 413. 382. 418. 451.
    347. 459. 265. 399. 335. 391. 339. 460. 269. 468. 286. 633. 356.
    626. 364. 695. 295. 702. 421. 382. 490. 373. 497. 442. 426. 450.
    189. 408. 257. 400. 261. 469. 191. 477. 198. 564. 268. 556. 276.
    626. 209. 632. 338. 314. 407. 306. 412. 374. 342. 381. 117. 494.
    184. 486. 188. 557. 122. 563. 136. 647. 203. 640. 215. 706. 145.
    715. 415. 306. 484. 298. 490. 365. 421. 373. 261. 323. 329. 315.
    334. 383. 265. 390. 332. 240. 400. 232. 406. 298. 337. 306. 116.
    417. 181. 409. 183. 478. 117. 486. 124. 571. 190. 565. 202. 632.
    136. 639. 186. 333. 253. 324. 257. 391. 189. 399. 409. 232. 476.
    225. 483. 290. 414. 298. 211. 640. 278. 634. 287. 702. 222. 706.
    258. 249. 324. 241. 329. 306. 262. 315. 184. 258. 249. 250. 253.
    316. 186. 324. 327. 167. 395. 160. 400. 224. 332. 231. 403. 159.
    470. 153. 477. 216. 409. 224. 114. 343. 178. 333. 181. 400. 116.
    409. 253. 177. 319. 168. 324. 232. 257. 241. 182. 187. 245. 177.
    249. 242. 183. 250. 113. 270. 176. 260. 178. 325. 114. 334. 114.
    199. 174. 188. 176. 251. 114. 261.</_>
  <_>
    585. 369. 658. 365. 663. 438. 588. 443. 589. 452. 663. 448. 666.
    521. 592. 526. 581. 286. 654. 284. 658. 356. 584. 360. 577. 205.
    650. 203. 654. 275. 581. 278. 672. 447. 743. 443. 746. 515. 674.
    521. 667. 365. 738. 361. 742. 434. 671. 438. 573. 125. 645. 123.
    649. 194. 576. 197. 663. 283. 734. 281. 738. 353. 667. 356. 592.
    534. 666. 530. 666. 599. 594. 605. 658. 203. 730. 201. 734. 272.
    662. 274. 654. 123. 725. 121. 729. 192. 658. 194. 674. 530. 746.
    524. 747. 594. 675. 599. 751. 442. 820. 438. 823. 509. 754. 515.
    747. 362. 816. 358. 820. 429. 751. 434. 594. 614. 666. 607. 666.
    674. 596. 685. 754. 523. 823. 518. 824. 588. 755. 594. 742. 281.
    811. 278. 815. 349. 747. 352. 738. 201. 807. 200. 811. 270. 742.
    272. 734. 121. 803. 121. 806. 191. 737. 192. 674. 607. 747. 604.
    746. 672. 674. 673. 829. 438. 896. 434. 898. 504. 831. 509. 755.
    603. 824. 597. 824. 665. 755. 671. 824. 358. 890. 355. 895. 425.
    828. 429. 819. 278. 885. 277. 889. 346. 823. 349. 832. 596. 898.
    589. 899. 658. 832. 665. 831. 518. 898. 512. 898. 581. 832. 587.
    810. 121. 876. 122. 880. 191. 814. 191. 816. 199. 880. 199. 884.
    269. 819. 270. 903. 434. 968. 429. 971. 499. 906. 503. 898. 354.
    962. 352. 968. 421. 904. 425. 906. 512. 971. 507. 971. 574. 906.
    581. 892. 277. 956. 275. 961. 343. 897. 346. 888. 199. 951. 200.
    955. 267. 892. 268. 883. 122. 945. 123. 950. 191. 887. 190. 906.
    589. 970. 583. 968. 649. 907. 657.</_>
  <_>
    370. 407. 446. 399. 452. 473. 376. 480. 303. 579. 378. 570. 387.
    640. 309. 653. 287. 414. 362. 407. 367. 481. 292. 488. 462. 481.
    537. 474. 543. 547. 468. 555. 377. 489. 453. 482. 459. 556. 385.
    561. 455. 398. 529. 392. 536. 465. 461. 472. 294. 496. 368. 490.
    377. 562. 302. 570. 469. 564. 543. 556. 550. 630. 475. 636. 552.
    555. 626. 548. 632. 621. 558. 629. 282. 331. 355. 324. 361. 398.
    287. 405. 365. 324. 439. 317. 445. 390. 370. 397. 358. 242. 433.
    236. 439. 308. 364. 315. 545. 473. 619. 466. 625. 539. 552. 547.
    448. 316. 522. 310. 529. 382. 454. 389. 538. 391. 611. 384. 618.
    457. 544. 464. 276. 250. 350. 243. 355. 316. 282. 323. 352. 161.
    426. 155. 432. 227. 357. 233. 441. 236. 515. 229. 522. 301. 448.
    308. 531. 310. 604. 303. 611. 375. 537. 382. 434. 155. 508. 149.
    514. 221. 440. 226. 627. 466. 700. 458. 707. 530. 634. 538. 620.
    383. 692. 377. 700. 449. 627. 456. 635. 547. 708. 540. 713. 612.
    641. 620. 345. 82. 419. 75. 425. 146. 352. 153. 271. 170. 343. 162.
    349. 234. 275. 241. 427. 75. 500. 69. 507. 141. 434. 146. 524. 229.
    597. 223. 603. 295. 531. 301. 517. 148. 590. 144. 596. 215. 523.
    220. 509. 69. 582. 64. 589. 135. 516. 140. 387. 570. 459. 564. 467.
    637. 396. 641. 613. 303. 685. 297. 692. 368. 620. 375. 606. 222.
    677. 217. 684. 288. 612. 294. 590. 64. 662. 60. 669. 130. 598. 135.
    598. 143. 669. 138. 676. 209. 605. 214. 266. 91. 337. 83. 342. 153.
    270. 161.</_>
  <_>
    340. 404. 417. 401. 419. 476. 342. 480. 426. 400. 502. 397. 505.
    472. 428. 476. 264. 576. 341. 570. 346. 642. 267. 651. 428. 485.
    505. 481. 508. 555. 431. 560. 339. 320. 415. 317. 417. 391. 340.
    395. 517. 564. 592. 560. 595. 635. 519. 639. 511. 396. 586. 393.
    589. 468. 514. 472. 255. 409. 331. 405. 333. 480. 257. 483. 423.
    317. 499. 314. 502. 388. 425. 391. 259. 492. 334. 489. 340. 562.
    263. 567. 514. 480. 589. 477. 592. 551. 517. 556. 432. 568. 508.
    565. 511. 639. 436. 642. 508. 313. 583. 310. 586. 384. 511. 388.
    595. 393. 670. 390. 673. 464. 598. 468. 255. 325. 330. 321. 331.
    395. 255. 399. 421. 234. 497. 231. 499. 305. 424. 308. 337. 237.
    413. 234. 414. 308. 339. 311. 342. 489. 419. 485. 422. 560. 349.
    562. 598. 477. 673. 473. 676. 547. 601. 551. 592. 310. 666. 307.
    670. 381. 595. 384. 254. 243. 327. 237. 330. 312. 255. 316. 601.
    560. 676. 556. 678. 629. 604. 634. 506. 230. 580. 228. 583. 301.
