<?xml version="1.0"?>
<opencv_storage>
<frame_width>1280</frame_width>
<frame_height>720</frame_height>
<aspect_ratio>1.</aspect_ratio>
<camera_matrix type_id="opencv-matrix">
  <rows>3</rows>
  <cols>3</cols>
  <dt>d</dt>
  <data>
    1.8623576696964332e+02 0. 6.3950001063014906e+02 0.
    1.8623576696964332e+02 3.5949998852409880e+02 0. 0. 1.</data></camera_matrix>
<dist_coeffs type_id="opencv-matrix">
  <rows>5</rows>
  <cols>1</cols>
  <dt>d</dt>
  <data>
    -2.4210005481452981e-02 1.4911799346500155e-04
    -3.2716913199207936e-04 -4.3316663499786806e-04
    -2.5483184908362211e-07</data></dist_coeffs>
<reprojection_error>3.0189542551773030e+02</reprojection_error>
<point_set>
  0. 0. 0. 100. 0. 0. 100. 100. 0. 0. 100. 0. 0. 110. 0. 100. 110. 0.
  100. 210. 0. 0. 210. 0. 0. 220. 0. 100. 220. 0. 100. 320. 0. 0. 320.
  0. 0. 330. 0. 100. 330. 0. 100. 430. 0. 0. 430. 0. 0. 440. 0. 100.
  440. 0. 100. 540. 0. 0. 540. 0. 110. 0. 0. 210. 0. 0. 210. 100. 0.
  110. 100. 0. 110. 110. 0. 210. 110. 0. 210. 210. 0. 110. 210. 0. 110.
  220. 0. 210. 220. 0. 210. 320. 0. 110. 320. 0. 110. 330. 0. 210. 330.
  0. 210. 430. 0. 110. 430. 0. 110. 440. 0. 210. 440. 0. 210. 540. 0.
  110. 540. 0. 220. 0. 0. 320. 0. 0. 320. 100. 0. 220. 100. 0. 220. 110.
  0. 320. 110. 0. 320. 210. 0. 220. 210. 0. 220. 220. 0. 320. 220. 0.
  320. 320. 0. 220. 320. 0. 220. 330. 0. 320. 330. 0. 320. 430. 0. 220.
  430. 0. 220. 440. 0. 320. 440. 0. 320. 540. 0. 220. 540. 0. 330. 0. 0.
  430. 0. 0. 430. 100. 0. 330. 100. 0. 330. 110. 0. 430. 110. 0. 430.
  210. 0. 330. 210. 0. 330. 220. 0. 430. 220. 0. 430. 320. 0. 330. 320.
  0. 330. 330. 0. 430. 330. 0. 430. 430. 0. 330. 430. 0. 330. 440. 0.
  430. 440. 0. 430. 540. 0. 330. 540. 0. 440. 0. 0. 540. 0. 0. 540. 100.
  0. 440. 100. 0. 440. 110. 0. 540. 110. 0. 540. 210. 0. 440. 210. 0.
  440. 220. 0. 540. 220. 0. 540. 320. 0. 440. 320. 0. 440. 330. 0. 540.
  330. 0. 540. 430. 0. 440. 430. 0. 440. 440. 0. 540. 440. 0. 540. 540.
  0. 440. 540. 0. 550. 0. 0. 650. 0. 0. 650. 100. 0. 550. 100. 0. 550.
  110. 0. 650. 110. 0. 650. 210. 0. 550. 210. 0. 550. 220. 0. 650. 220.
  0. 650. 320. 0. 550. 320. 0. 550. 330. 0. 650. 330. 0. 650. 430. 0.
  550. 430. 0. 550. 440. 0. 650. 440. 0. 650. 540. 0. 550. 540. 0. 660.
  0. 0. 760. 0. 0. 760. 100. 0. 660. 100. 0. 660. 110. 0. 760. 110. 0.
  760. 210. 0. 660. 210. 0. 660. 220. 0. 760. 220. 0. 760. 320. 0. 660.
  320. 0. 660. 330. 0. 760. 330. 0. 760. 430. 0. 660. 430. 0. 660. 440.
  0. 760. 440. 0. 760. 540. 0. 660. 540. 0.</point_set>
<corner_list>
  <_>
    233. 624. 296. 616. 303. 677. 238. 687. 511. 598. 572. 594. 577.
    658. 515. 663. 366. 541. 429. 534. 435. 596. 372. 602. 355. 402.
    418. 396. 423. 457. 360. 464. 373. 610. 436. 604. 440. 667. 379.
    672. 226. 555. 290. 548. 296. 608. 233. 616. 360. 472. 423. 465.
    429. 526. 366. 533. 290. 478. 353. 472. 358. 534. 296. 539. 431.
    464. 493. 458. 498. 520. 437. 526. 286. 409. 348. 403. 352. 464.
    289. 470. 506. 527. 565. 522. 571. 586. 510. 590. 443. 603. 503.
    598. 507. 663. 448. 666. 221. 485. 282. 479. 288. 540. 226. 547.
    437. 534. 498. 528. 503. 591. 442. 595. 425. 396. 486. 389. 492.
    451. 430. 456. 500. 458. 561. 452. 566. 514. 506. 520. 297. 547.
    358. 541. 364. 603. 303. 608. 281. 340. 343. 334. 347. 395. 286.
    401. 217. 416. 279. 410. 282. 471. 221. 477. 481. 252. 542. 246.
    548. 307. 487. 313. 344. 265. 405. 259. 411. 320. 350. 326. 475.
    183. 536. 178. 542. 238. 480. 244. 494. 389. 555. 383. 560. 445.
    500. 450. 350. 334. 412. 328. 417. 388. 355. 394. 276. 272. 337.
    266. 342. 327. 280. 332. 406. 190. 467. 184. 473. 244. 412. 251.
    420. 327. 480. 321. 486. 382. 425. 388. 488. 320. 549. 314. 554.
    375. 494. 381. 413. 259. 473. 252. 480. 313. 419. 319. 304. 616.
    365. 611. 371. 672. 311. 676. 214. 347. 273. 341. 278. 402. 217.
    408. 338. 198. 398. 191. 405. 251. 344. 258. 272. 206. 331. 198.
    336. 258. 275. 264. 211. 280. 268. 273. 273. 332. 214. 340. 209.
    215. 265. 206. 268. 265. 211. 272.</_>
  <_>
    952. 473. 1015. 469. 1022. 531. 959. 535. 959. 542. 1023. 539. 1028.
    600. 966. 605. 945. 406. 1009. 401. 1015. 462. 951. 466. 889. 547.
    951. 543. 958. 605. 895. 608. 939. 338. 1002. 333. 1008. 393. 945.
    398. 883. 478. 944. 474. 950. 535. 888. 539. 860. 208. 921. 202.
    926. 263. 864. 268. 934. 270. 996. 265. 1001. 325. 939. 330. 673.
    428. 734. 422. 739. 483. 678. 488. 747. 490. 808. 485. 813. 546.
    752. 550. 929. 202. 990. 197. 995. 257. 933. 262. 752. 557. 813.
    553. 818. 614. 757. 617. 735. 354. 796. 349. 802. 409. 741. 414.
    878. 411. 938. 406. 944. 466. 882. 471. 804. 348. 864. 343. 870.
    404. 809. 408. 742. 422. 802. 417. 808. 478. 747. 482. 855. 140.
    916. 135. 921. 194. 859. 200. 810. 416. 870. 411. 875. 472. 815.
    477. 816. 484. 876. 480. 881. 540. 820. 545. 684. 563. 744. 557.
    749. 617. 690. 625. 667. 360. 728. 355. 734. 414. 673. 420. 865.
    276. 926. 270. 931. 331. 871. 335. 821. 553. 881. 548. 887. 608.
    826. 613. 786. 147. 847. 141. 852. 201. 791. 206. 730. 287. 790.
    282. 795. 342. 734. 347. 792. 214. 853. 209. 857. 269. 797. 274.
    718. 154. 779. 147. 784. 207. 723. 212. 797. 282. 858. 276. 863.
    336. 803. 341. 923. 134. 983. 130. 989. 189. 928. 194. 872. 343.
    932. 338. 937. 398. 877. 403. 724. 219. 784. 214. 789. 274. 729.
    279. 679. 495. 740. 491. 744. 550. 684. 555. 662. 293. 722. 287.
    727. 347. 667. 352. 656. 227. 716. 220. 722. 279. 661. 285. 651.
    162. 711. 154. 716. 213. 656. 219.</_>
  <_>
    664. 588. 746. 592. 745. 674. 663. 671. 666. 497. 745. 499. 745.
    582. 664. 578. 576. 585. 655. 588. 654. 671. 576. 666. 664. 142.
    745. 140. 745. 220. 665. 222. 666. 408. 746. 410. 745. 490. 665.
    488. 664. 52. 745. 51. 745. 130. 665. 132. 665. 320. 745. 319. 745.
    400. 665. 399. 575. 54. 655. 52. 655. 132. 576. 134. 577. 496. 656.
    497. 655. 578. 576. 576. 665. 231. 745. 230. 745. 310. 666. 311.
    488. 585. 567. 585. 566. 666. 487. 664. 399. 409. 478. 409. 478.
    488. 397. 488. 488. 497. 567. 496. 567. 576. 487. 576. 577. 408.
    656. 408. 656. 488. 576. 487. 487. 408. 567. 408. 567. 487. 488.
    488. 487. 57. 566. 54. 567. 134. 488. 136. 577. 320. 656. 320. 656.
    399. 576. 399. 576. 144. 655. 142. 656. 221. 577. 223. 577. 233.
    656. 231. 656. 311. 577. 311. 488. 145. 567. 144. 568. 223. 489.
    224. 398. 497. 478. 497. 477. 577. 400. 575. 490. 320. 567. 320.
    567. 399. 487. 398. 401. 147. 479. 145. 480. 225. 402. 225. 402.
    321. 480. 321. 478. 399. 399. 399. 313. 409. 390. 409. 388. 488.
    310. 488. 489. 234. 567. 232. 567. 311. 489. 312. 402. 234. 480.
    233. 480. 312. 402. 312. 314. 582. 391. 583. 393. 660. 314. 660.
    315. 322. 393. 322. 390. 399. 313. 400. 316. 236. 393. 234. 393.
    312. 315. 313. 400. 584. 478. 586. 478. 664. 401. 660. 403. 61. 478.
    57. 479. 136. 401. 137. 311. 496. 388. 497. 391. 574. 314. 573. 319.
    151. 392. 147. 393. 224. 316. 226. 323. 67. 394. 62. 392. 138. 320.
    142.</_>
  <_>
    1141. 504. 1236. 504. 1239. 590. 1145. 589. 1130. 223. 1224. 216.
    1226. 303. 1133. 307. 1137. 411. 1231. 408. 1235. 494. 1140. 494.
    1127. 128. 1219. 120. 1224. 206. 1130. 213. 1133. 317. 1227. 313.
    1230. 398. 1136. 401. 1145. 600. 1239. 600. 1241. 684. 1151. 685.
    1023. 42. 1113. 32. 1117. 118. 1026. 126. 1123. 33. 1213. 25. 1219.
    110. 1127. 117. 1026. 137. 1117. 128. 1120. 213. 1028. 220. 1044.
    597. 1134. 598. 1139. 684. 1049. 680. 1029. 230. 1119. 223. 1123.
    307. 1033. 312. 1041. 506. 1131. 505. 1134. 589. 1044. 588. 1034.
    322. 1123. 318. 1126. 401. 1038. 405. 1038. 415. 1126. 411. 1130.
    495. 1041. 497. 925. 52. 1013. 43. 1016. 127. 929. 135. 929. 145.
    1016. 137. 1018. 221. 932. 227. 932. 237. 1019. 230. 1023. 313. 937.
    318. 937. 327. 1023. 322. 1028. 405. 942. 409. 942. 418. 1028. 415.
    1031. 497. 946. 500. 946. 509. 1030. 506. 1034. 588. 949. 590. 949.
