<?xml version="1.0"?>
<opencv_storage>
<frame_width>1280</frame_width>
<frame_height>720</frame_height>
<aspect_ratio>1.</aspect_ratio>
<camera_matrix type_id="opencv-matrix">
  <rows>3</rows>
  <cols>3</cols>
  <dt>d</dt>
  <data>
    3.5873115900111588e+03 0. 5.8575460246118269e+02 0.
    3.5873115900111588e+03 3.6519969033709617e+02 0. 0. 1.</data></camera_matrix>
<dist_coeffs type_id="opencv-matrix">
  <rows>5</rows>
  <cols>1</cols>
  <dt>d</dt>
  <data>
    -3.0322484376904846e+01 7.3260182732188582e+02
    3.8689748441438285e-03 3.2101636595310301e-01
    -5.1039335992914648e+03</data></dist_coeffs>
<reprojection_error>1.3444785030322203e+02</reprojection_error>
<point_set>
  0. 0. 0. 100. 0. 0. 100. 100. 0. 0. 100. 0. 0. 110. 0. 100. 110. 0.
  100. 210. 0. 0. 210. 0. 0. 220. 0. 100. 220. 0. 100. 320. 0. 0. 320.
  0. 0. 330. 0. 100. 330. 0. 100. 430. 0. 0. 430. 0. 0. 440. 0. 100.
  440. 0. 100. 540. 0. 0. 540. 0. 110. 0. 0. 210. 0. 0. 210. 100. 0.
  110. 100. 0. 110. 110. 0. 210. 110. 0. 210. 210. 0. 110. 210. 0. 110.
  220. 0. 210. 220. 0. 210. 320. 0. 110. 320. 0. 110. 330. 0. 210. 330.
  0. 210. 430. 0. 110. 430. 0. 110. 440. 0. 210. 440. 0. 210. 540. 0.
  110. 540. 0. 220. 0. 0. 320. 0. 0. 320. 100. 0. 220. 100. 0. 220. 110.
  0. 320. 110. 0. 320. 210. 0. 220. 210. 0. 220. 220. 0. 320. 220. 0.
  320. 320. 0. 220. 320. 0. 220. 330. 0. 320. 330. 0. 320. 430. 0. 220.
  430. 0. 220. 440. 0. 320. 440. 0. 320. 540. 0. 220. 540. 0. 330. 0. 0.
  430. 0. 0. 430. 100. 0. 330. 100. 0. 330. 110. 0. 430. 110. 0. 430.
  210. 0. 330. 210. 0. 330. 220. 0. 430. 220. 0. 430. 320. 0. 330. 320.
  0. 330. 330. 0. 430. 330. 0. 430. 430. 0. 330. 430. 0. 330. 440. 0.
  430. 440. 0. 430. 540. 0. 330. 540. 0. 440. 0. 0. 540. 0. 0. 540. 100.
  0. 440. 100. 0. 440. 110. 0. 540. 110. 0. 540. 210. 0. 440. 210. 0.
  440. 220. 0. 540. 220. 0. 540. 320. 0. 440. 320. 0. 440. 330. 0. 540.
  330. 0. 540. 430. 0. 440. 430. 0. 440. 440. 0. 540. 440. 0. 540. 540.
  0. 440. 540. 0. 550. 0. 0. 650. 0. 0. 650. 100. 0. 550. 100. 0. 550.
  110. 0. 650. 110. 0. 650. 210. 0. 550. 210. 0. 550. 220. 0. 650. 220.
  0. 650. 320. 0. 550. 320. 0. 550. 330. 0. 650. 330. 0. 650. 430. 0.
  550. 430. 0. 550. 440. 0. 650. 440. 0. 650. 540. 0. 550. 540. 0. 660.
  0. 0. 760. 0. 0. 760. 100. 0. 660. 100. 0. 660. 110. 0. 760. 110. 0.
  760. 210. 0. 660. 210. 0. 660. 220. 0. 760. 220. 0. 760. 320. 0. 660.
  320. 0. 660. 330. 0. 760. 330. 0. 760. 430. 0. 660. 430. 0. 660. 440.
  0. 760. 440. 0. 760. 540. 0. 660. 540. 0.</point_set>
<corner_list>
  <_>
    477. 635. 402. 639. 401. 562. 476. 559. 561. 631. 486. 635. 484.
    559. 559. 555. 309. 641. 234. 645. 236. 568. 310. 565. 393. 638.
    318. 642. 319. 565. 392. 562. 559. 546. 484. 550. 483. 474. 557.
    472. 476. 549. 401. 553. 400. 479. 474. 475. 474. 466. 400. 470.
    400. 396. 474. 393. 310. 556. 236. 559. 239. 485. 311. 482. 392.
    553. 319. 556. 319. 482. 391. 478. 557. 463. 483. 466. 482. 393.
    555. 390. 392. 470. 319. 473. 319. 400. 391. 396. 228. 559. 156.
    562. 158. 488. 230. 485. 225. 644. 156. 646. 156. 571. 227. 568.
    473. 385. 400. 388. 399. 317. 471. 313. 391. 388. 319. 391. 318.
    320. 391. 316. 311. 472. 239. 476. 240. 404. 311. 400. 555. 381.
    482. 384. 480. 314. 553. 310. 231. 476. 159. 479. 161. 408. 232.
    404. 472. 305. 399. 308. 398. 238. 471. 235. 553. 302. 480. 305.
    479. 234. 551. 232. 311. 392. 240. 395. 240. 324. 310. 320. 391.
    308. 319. 311. 318. 241. 390. 238. 232. 395. 162. 399. 161. 328.
    232. 324. 310. 311. 239. 315. 239. 245. 310. 241. 470. 227. 398.
    229. 398. 161. 469. 158. 231. 315. 161. 319. 162. 249. 231. 245.
    550. 224. 479. 226. 477. 158. 548. 155. 390. 230. 319. 233. 319.
    165. 389. 161. 548. 148. 477. 150. 476. 83. 546. 80. 310. 233. 239.
    236. 241. 168. 311. 166. 469. 150. 398. 153. 398. 85. 468. 83. 390.
    153. 319. 156. 320. 89. 389. 86. 310. 157. 241. 160. 242. 93. 311.
    90. 231. 237. 162. 241. 166. 174. 233. 169. 233. 160. 166. 166. 170.
    102. 234. 94.</_>
  <_>
    1106. 679. 1035. 673. 1034. 605. 1106. 610. 1106. 601. 1034. 596.
    1033. 530. 1104. 533. 1026. 673. 956. 666. 956. 599. 1026. 604.
    1026. 596. 956. 591. 956. 525. 1025. 529. 1105. 525. 1034. 522.
    1032. 457. 1102. 459. 1025. 521. 956. 518. 956. 453. 1025. 456.
    1103. 451. 1033. 449. 1032. 385. 1102. 387. 947. 666. 880. 659. 881.
    593. 948. 599. 948. 591. 881. 585. 882. 521. 948. 525. 1025. 449.
    956. 446. 957. 384. 1024. 385. 1101. 379. 1032. 378. 1031. 316.
    1099. 316. 871. 659. 806. 652. 809. 587. 873. 593. 948. 517. 882.
    513. 883. 450. 948. 453. 1100. 309. 1031. 308. 1031. 248. 1099. 248.
    1024. 377. 957. 376. 957. 315. 1024. 316. 872. 585. 808. 579. 810.
    517. 874. 521. 948. 446. 883. 443. 883. 382. 948. 383. 1098. 240.
    1031. 240. 1031. 182. 1098. 181. 798. 652. 737. 645. 739. 582. 800.
    587. 874. 513. 810. 509. 812. 448. 875. 451. 1024. 307. 957. 308.
    957. 250. 1023. 248. 949. 376. 884. 374. 885. 315. 949. 315. 800.
    579. 739. 574. 741. 513. 803. 517. 874. 443. 812. 441. 813. 381.
    876. 382. 1022. 241. 957. 241. 959. 183. 1023. 183. 949. 308. 885.
    308. 886. 250. 950. 249. 876. 374. 814. 374. 815. 315. 877. 315.
    802. 509. 742. 505. 744. 446. 804. 448. 949. 242. 886. 243. 888.
    186. 950. 184. 877. 308. 816. 308. 818. 251. 879. 250. 805. 440.
    745. 438. 747. 380. 806. 381. 878. 243. 818. 244. 820. 189. 880.
    186. 806. 373. 747. 372. 750. 315. 808. 315. 808. 308. 749. 308.
    753. 253. 810. 251. 810. 244. 753. 246. 756. 193. 812. 189.</_>
  <_>
    512. 653. 441. 655. 441. 583. 511. 580. 591. 651. 520. 653. 520.
    580. 590. 579. 671. 648. 599. 651. 598. 579. 668. 577. 749. 646.
    679. 649. 677. 576. 747. 574. 668. 568. 598. 570. 596. 500. 666.
    497. 746. 566. 677. 568. 674. 497. 744. 495. 432. 655. 364. 655.
    364. 584. 433. 582. 589. 570. 520. 572. 519. 501. 588. 499. 511.
    572. 442. 574. 442. 504. 510. 501. 433. 574. 365. 576. 365. 506.
    434. 503. 666. 489. 596. 491. 595. 422. 664. 420. 744. 486. 674.
    489. 672. 420. 741. 418. 588. 491. 519. 493. 518. 424. 587. 422.
    664. 412. 594. 414. 593. 346. 661. 344. 511. 492. 442. 495. 442.
    426. 510. 424. 434. 495. 365. 497. 367. 428. 434. 426. 740. 410.
    672. 412. 670. 344. 738. 342. 586. 414. 518. 416. 517. 348. 585.
    346. 510. 416. 442. 418. 441. 350. 509. 348. 585. 338. 517. 340.
    516. 273. 584. 271. 434. 418. 367. 420. 366. 353. 433. 350. 509.
    339. 441. 342. 440. 276. 508. 273. 661. 336. 593. 338. 592. 271.
    658. 269. 737. 334. 670. 336. 667. 270. 734. 267. 433. 342. 365.
    344. 366. 278. 432. 275. 734. 260. 667. 261. 665. 196. 732. 194.
    584. 263. 516. 265. 515. 200. 582. 198. 659. 261. 592. 263. 590.
    198. 657. 196. 508. 265. 440. 267. 442. 202. 507. 200. 732. 186.
    665. 188. 663. 124. 730. 122. 657. 188. 590. 190. 589. 125. 655.
    124. 582. 190. 515. 192. 514. 128. 581. 126. 432. 268. 366. 270.
    368. 206. 433. 203. 507. 192. 441. 195. 441. 131. 506. 128. 433.
    194. 368. 199. 370. 137. 432. 131.</_>
  <_>
    1041. 648. 968. 644. 969. 572. 1042. 576. 959. 644. 888. 641. 888.
    568. 960. 572. 1121. 651. 1050. 649. 1050. 576. 1122. 579. 879. 640.
    807. 635. 808. 564. 880. 568. 1042. 567. 969. 564. 970. 493. 1043.
    497. 960. 563. 888. 559. 889. 489. 961. 492. 1122. 570. 1050. 567.
    1051. 496. 1122. 499. 1043. 487. 970. 484. 971. 414. 1043. 417. 880.
    559. 808. 555. 810. 485. 880. 488. 961. 484. 889. 480. 890. 411.
    962. 414. 1122. 491. 1051. 488. 1052. 417. 1122. 421. 1200. 494.
    1130. 491. 1130. 420. 1200. 424. 963. 405. 890. 402. 893. 334. 964.
    336. 1043. 408. 971. 406. 972. 336. 1043. 340. 1200. 573. 1131. 571.
    1131. 499. 1200. 502. 881. 480. 810. 477. 811. 408. 882. 411. 1198.
    653. 1130. 651. 1130. 580. 1200. 582. 1121. 412. 1051. 408. 1052.
    339. 1122. 343. 964. 328. 893. 326. 894. 258. 965. 260. 1199. 415.
    1130. 412. 1130. 343. 1199. 345. 881. 403. 812. 400. 814. 332. 884.
