<?xml version="1.0"?>
<opencv_storage>
<frame_width>1280</frame_width>
<frame_height>720</frame_height>
<aspect_ratio>1.</aspect_ratio>
<camera_matrix type_id="opencv-matrix">
  <rows>3</rows>
  <cols>3</cols>
  <dt>d</dt>
  <data>
    7.4251994643876685e+01 0. 2.7952399473876210e+02 0.
    7.4251994643876685e+01 3.8946287978960390e+02 0. 0. 1.</data></camera_matrix>
<dist_coeffs type_id="opencv-matrix">
  <rows>5</rows>
  <cols>1</cols>
  <dt>d</dt>
  <data>
    -4.3686406099234278e-02 5.3790972161650032e-04
    5.3378486853927201e-03 2.0744619839339767e-02
    -1.8458858170826059e-06</data></dist_coeffs>
<reprojection_error>1.7666891387400045e+02</reprojection_error>
<point_set>
  0. 0. 0. 100. 0. 0. 100. 100. 0. 0. 100. 0. 110. 0. 0. 210. 0. 0. 210.
  100. 0. 110. 100. 0. 220. 0. 0. 320. 0. 0. 320. 100. 0. 220. 100. 0.
  330. 0. 0. 430. 0. 0. 430. 100. 0. 330. 100. 0. 440. 0. 0. 540. 0. 0.
  540. 100. 0. 440. 100. 0. 0. 110. 0. 100. 110. 0. 100. 210. 0. 0. 210.
  0. 110. 110. 0. 210. 110. 0. 210. 210. 0. 110. 210. 0. 220. 110. 0.
  320. 110. 0. 320. 210. 0. 220. 210. 0. 330. 110. 0. 430. 110. 0. 430.
  210. 0. 330. 210. 0. 440. 110. 0. 540. 110. 0. 540. 210. 0. 440. 210.
  0. 0. 220. 0. 100. 220. 0. 100. 320. 0. 0. 320. 0. 110. 220. 0. 210.
  220. 0. 210. 320. 0. 110. 320. 0. 220. 220. 0. 320. 220. 0. 320. 320.
  0. 220. 320. 0. 330. 220. 0. 430. 220. 0. 430. 320. 0. 330. 320. 0.
  440. 220. 0. 540. 220. 0. 540. 320. 0. 440. 320. 0. 0. 330. 0. 100.
  330. 0. 100. 430. 0. 0. 430. 0. 110. 330. 0. 210. 330. 0. 210. 430. 0.
  110. 430. 0. 220. 330. 0. 320. 330. 0. 320. 430. 0. 220. 430. 0. 330.
  330. 0. 430. 330. 0. 430. 430. 0. 330. 430. 0. 440. 330. 0. 540. 330.
  0. 540. 430. 0. 440. 430. 0. 0. 440. 0. 100. 440. 0. 100. 540. 0. 0.
  540. 0. 110. 440. 0. 210. 440. 0. 210. 540. 0. 110. 540. 0. 220. 440.
  0. 320. 440. 0. 320. 540. 0. 220. 540. 0. 330. 440. 0. 430. 440. 0.
  430. 540. 0. 330. 540. 0. 440. 440. 0. 540. 440. 0. 540. 540. 0. 440.
  540. 0. 0. 550. 0. 100. 550. 0. 100. 650. 0. 0. 650. 0. 110. 550. 0.
  210. 550. 0. 210. 650. 0. 110. 650. 0. 220. 550. 0. 320. 550. 0. 320.
  650. 0. 220. 650. 0. 330. 550. 0. 430. 550. 0. 430. 650. 0. 330. 650.
  0. 440. 550. 0. 540. 550. 0. 540. 650. 0. 440. 650. 0. 0. 660. 0. 100.
  660. 0. 100. 760. 0. 0. 760. 0. 110. 660. 0. 210. 660. 0. 210. 760. 0.
  110. 760. 0. 220. 660. 0. 320. 660. 0. 320. 760. 0. 220. 760. 0. 330.
  660. 0. 430. 660. 0. 430. 760. 0. 330. 760. 0. 440. 660. 0. 540. 660.
  0. 540. 760. 0. 440. 760. 0.</point_set>
<corner_list>
  <_>
    464. 258. 411. 282. 387. 225. 439. 201. 436. 195. 383. 218. 360.
    162. 413. 137. 491. 322. 437. 344. 414. 288. 467. 265. 518. 385.
    465. 407. 441. 352. 495. 329. 376. 222. 324. 245. 301. 190. 352.
    165. 404. 285. 352. 308. 328. 253. 380. 229. 431. 348. 379. 370.
    355. 315. 407. 292. 545. 447. 492. 468. 468. 414. 522. 392. 458.
    410. 405. 431. 382. 376. 434. 355. 572. 508. 520. 529. 495. 475.
    549. 454. 345. 312. 294. 333. 270. 279. 322. 256. 600. 568. 546.
    588. 523. 535. 577. 515. 485. 471. 433. 492. 409. 438. 461. 417.
    317. 249. 267. 271. 243. 218. 294. 193. 512. 532. 459. 552. 436.
    499. 489. 478. 372. 373. 321. 394. 298. 340. 349. 318. 539. 591.
    487. 611. 463. 559. 516. 538. 399. 434. 348. 455. 325. 401. 376.
    380. 426. 495. 375. 515. 351. 463. 402. 441. 261. 274. 212. 297.
    188. 243. 237. 220. 288. 337. 239. 358. 215. 305. 264. 282. 453.
    555. 402. 574. 378. 522. 430. 502. 480. 614. 428. 633. 405. 582.
    456. 561. 315. 397. 266. 418. 243. 364. 292. 344. 342. 458. 294.
    478. 269. 426. 318. 404. 206. 300. 159. 322. 135. 268. 182. 246.
    259. 421. 213. 441. 189. 389. 236. 368. 369. 518. 321. 536. 298.
    484. 344. 465. 422. 635. 373. 653. 350. 602. 399. 584. 232. 362.
    187. 382. 163. 329. 208. 308. 395. 578. 347. 595. 325. 543. 373.
    525. 288. 480. 242. 499. 217. 448. 263. 428. 315. 539. 269. 556.
    245. 506. 291. 487. 366. 657. 320. 672. 297. 622. 344. 605. 340.
    598. 294. 614. 273. 563. 318. 545.</_>
  <_>
    630. 456. 595. 409. 639. 372. 676. 419. 581. 498. 547. 450. 591.
    415. 624. 462. 590. 403. 557. 358. 601. 321. 635. 366. 532. 538.
    500. 490. 542. 456. 575. 502. 542. 444. 510. 399. 552. 363. 585.
    409. 552. 352. 520. 308. 562. 271. 594. 316. 484. 577. 454. 530.
    494. 496. 526. 544. 494. 484. 464. 440. 505. 404. 537. 449. 505.
    393. 474. 349. 514. 313. 546. 358. 515. 302. 485. 259. 525. 223.
    557. 266. 459. 433. 429. 390. 469. 354. 500. 399. 439. 615. 410.
    568. 448. 535. 479. 583. 449. 524. 419. 478. 459. 445. 489. 491.
    470. 343. 440. 300. 479. 265. 510. 307. 479. 254. 451. 213. 490.
    176. 521. 217. 425. 384. 396. 342. 435. 306. 465. 348. 415. 473.
    386. 429. 425. 395. 454. 439. 397. 652. 368. 605. 404. 573. 434.
    621. 405. 562. 377. 516. 414. 484. 444. 529. 381. 423. 354. 381.
    391. 346. 420. 389. 435. 295. 408. 254. 446. 219. 475. 260. 364.
    599. 336. 553. 372. 522. 401. 566. 372. 511. 344. 467. 381. 434.
    409. 478. 393. 336. 365. 295. 402. 259. 430. 301. 356. 685. 328.
    640. 363. 611. 392. 657. 324. 635. 297. 589. 331. 559. 359. 604.
    339. 461. 313. 419. 349. 386. 376. 429. 331. 547. 304. 505. 339.
    472. 367. 516. 349. 374. 325. 333. 360. 300. 387. 341. 292. 584.
    266. 540. 300. 510. 326. 553. 300. 498. 275. 456. 308. 424. 335.
    467. 310. 413. 289. 372. 320. 339. 345. 381. 262. 534. 237. 492.
    270. 462. 295. 504. 271. 450. 249. 411. 284. 377. 305. 418. 232.
    486. 213. 445. 245. 415. 266. 456.</_>
  <_>
    1013. 135. 930. 146. 930. 65. 1014. 52. 1014. 227. 930. 235. 929.
    156. 1012. 145. 1014. 321. 931. 323. 930. 245. 1014. 239. 1015. 413.
    932. 411. 932. 332. 1014. 331. 1016. 504. 934. 497. 932. 420. 1015.
    423. 1018. 593. 937. 582. 935. 506. 1017. 515. 1021. 680. 940. 666.
    938. 591. 1019. 603. 920. 147. 845. 157. 844. 81. 920. 68. 921. 235.
    846. 241. 845. 166. 920. 156. 922. 323. 847. 325. 846. 251. 921.
    245. 923. 410. 849. 408. 847. 334. 922. 333. 925. 496. 851. 489.
    849. 417. 924. 421. 927. 581. 855. 572. 852. 499. 926. 506. 930.
    665. 858. 652. 855. 580. 928. 590. 836. 158. 768. 166. 767. 94. 836.
    82. 838. 242. 770. 247. 769. 175. 837. 167. 839. 325. 773. 327. 770.
    256. 838. 251. 840. 408. 775. 406. 772. 336. 839. 334. 842. 490.
    777. 484. 774. 414. 840. 416. 846. 570. 780. 561. 777. 492. 844.
    499. 849. 650. 783. 638. 780. 569. 846. 579. 761. 167. 700. 175.
    698. 106. 760. 95. 763. 248. 702. 252. 699. 183. 761. 176. 764. 327.
    704. 328. 701. 260. 763. 256. 766. 405. 706. 403. 704. 336. 764.
    335. 769. 483. 709. 478. 707. 411. 767. 414. 772. 560. 713. 552.
    710. 485. 770. 492. 775. 637. 717. 625. 714. 559. 772. 568. 692.
    176. 638. 183. 635. 117. 691. 107. 694. 252. 640. 256. 638. 191.
    692. 184. 697. 327. 643. 329. 640. 264. 694. 260. 699. 403. 646.
    400. 643. 337. 697. 336. 702. 477. 650. 472. 647. 408. 700. 412.
    706. 551. 653. 541. 650. 480. 703. 486. 709. 623. 658. 612. 654.
    550. 706. 558.</_>
  <_>
    125. 205. 65. 209. 58. 151. 119. 149. 193. 202. 133. 205. 127. 148.
    188. 146. 132. 270. 73. 274. 66. 217. 126. 213. 200. 266. 140. 269.
    134. 213. 195. 210. 140. 333. 80. 337. 73. 282. 133. 277. 207. 328.
    148. 333. 141. 277. 201. 273. 147. 396. 88. 400. 81. 345. 140. 340.
    260. 199. 202. 202. 195. 146. 254. 143. 267. 262. 208. 265. 202.
    210. 262. 207. 214. 390. 154. 395. 148. 341. 208. 336. 326. 197.
    268. 199. 262. 143. 320. 141. 273. 324. 214. 328. 209. 273. 267.
    269. 221. 451. 163. 457. 156. 402. 215. 398. 279. 385. 221. 390.
    215. 336. 274. 331. 332. 257. 274. 261. 269. 206. 327. 204. 162.
    518. 104. 522. 99. 468. 156. 464. 155. 456. 98. 461. 89. 408. 148.
    403. 228. 511. 170. 517. 163. 464. 221. 458. 286. 445. 229. 451.
    222. 398. 280. 392. 338. 318. 280. 323. 275. 270. 332. 265. 390.
    192. 333. 196. 328. 141. 384. 139. 344. 379. 286. 384. 281. 332.
