<?xml version="1.0"?>
<opencv_storage>
<frame_width>1280</frame_width>
<frame_height>720</frame_height>
<aspect_ratio>1.</aspect_ratio>
<camera_matrix type_id="opencv-matrix">
  <rows>3</rows>
  <cols>3</cols>
  <dt>d</dt>
  <data>
    2.8220861757592115e+02 0. 6.3940570318848233e+02 0.
    2.8220861757592115e+02 3.5946450226468357e+02 0. 0. 1.</data></camera_matrix>
<dist_coeffs type_id="opencv-matrix">
  <rows>5</rows>
  <cols>1</cols>
  <dt>d</dt>
  <data>
    -7.4770865738326031e-02 1.3720209613628854e-03
    -2.1375028272262831e-04 -1.2738693107867152e-02
    -7.1082476894672061e-06</data></dist_coeffs>
<reprojection_error>2.0698789185638378e+02</reprojection_error>
<point_set>
  0. 0. 0. 100. 0. 0. 100. 100. 0. 0. 100. 0. 110. 0. 0. 210. 0. 0. 210.
  100. 0. 110. 100. 0. 220. 0. 0. 320. 0. 0. 320. 100. 0. 220. 100. 0.
  330. 0. 0. 430. 0. 0. 430. 100. 0. 330. 100. 0. 440. 0. 0. 540. 0. 0.
  540. 100. 0. 440. 100. 0. 0. 110. 0. 100. 110. 0. 100. 210. 0. 0. 210.
  0. 110. 110. 0. 210. 110. 0. 210. 210. 0. 110. 210. 0. 220. 110. 0.
  320. 110. 0. 320. 210. 0. 220. 210. 0. 330. 110. 0. 430. 110. 0. 430.
  210. 0. 330. 210. 0. 440. 110. 0. 540. 110. 0. 540. 210. 0. 440. 210.
  0. 0. 220. 0. 100. 220. 0. 100. 320. 0. 0. 320. 0. 110. 220. 0. 210.
  220. 0. 210. 320. 0. 110. 320. 0. 220. 220. 0. 320. 220. 0. 320. 320.
  0. 220. 320. 0. 330. 220. 0. 430. 220. 0. 430. 320. 0. 330. 320. 0.
  440. 220. 0. 540. 220. 0. 540. 320. 0. 440. 320. 0. 0. 330. 0. 100.
  330. 0. 100. 430. 0. 0. 430. 0. 110. 330. 0. 210. 330. 0. 210. 430. 0.
  110. 430. 0. 220. 330. 0. 320. 330. 0. 320. 430. 0. 220. 430. 0. 330.
  330. 0. 430. 330. 0. 430. 430. 0. 330. 430. 0. 440. 330. 0. 540. 330.
  0. 540. 430. 0. 440. 430. 0. 0. 440. 0. 100. 440. 0. 100. 540. 0. 0.
  540. 0. 110. 440. 0. 210. 440. 0. 210. 540. 0. 110. 540. 0. 220. 440.
  0. 320. 440. 0. 320. 540. 0. 220. 540. 0. 330. 440. 0. 430. 440. 0.
  430. 540. 0. 330. 540. 0. 440. 440. 0. 540. 440. 0. 540. 540. 0. 440.
  540. 0. 0. 550. 0. 100. 550. 0. 100. 650. 0. 0. 650. 0. 110. 550. 0.
  210. 550. 0. 210. 650. 0. 110. 650. 0. 220. 550. 0. 320. 550. 0. 320.
  650. 0. 220. 650. 0. 330. 550. 0. 430. 550. 0. 430. 650. 0. 330. 650.
  0. 440. 550. 0. 540. 550. 0. 540. 650. 0. 440. 650. 0. 0. 660. 0. 100.
  660. 0. 100. 760. 0. 0. 760. 0. 110. 660. 0. 210. 660. 0. 210. 760. 0.
  110. 760. 0. 220. 660. 0. 320. 660. 0. 320. 760. 0. 220. 760. 0. 330.
  660. 0. 430. 660. 0. 430. 760. 0. 330. 760. 0. 440. 660. 0. 540. 660.
  0. 540. 760. 0. 440. 760. 0.</point_set>
<corner_list>
  <_>
    524. 536. 523. 622. 439. 623. 441. 537. 617. 534. 619. 619. 535.
    622. 534. 536. 710. 533. 712. 619. 628. 619. 628. 534. 803. 532.
    806. 617. 724. 619. 720. 533. 430. 538. 429. 624. 348. 625. 347.
    540. 335. 539. 335. 625. 252. 625. 255. 541. 245. 541. 243. 626.
    162. 627. 163. 542. 432. 444. 430. 528. 346. 528. 350. 446. 524.
    442. 525. 525. 441. 527. 442. 444. 799. 438. 803. 521. 720. 523.
    718. 440. 616. 441. 618. 524. 536. 526. 534. 443. 708. 440. 710.
    523. 627. 524. 626. 442. 246. 447. 245. 530. 164. 532. 166. 448.
    339. 446. 336. 529. 255. 528. 258. 447. 435. 354. 431. 434. 349.
    434. 352. 354. 797. 348. 800. 428. 719. 430. 715. 349. 706. 349.
    708. 430. 628. 432. 625. 350. 341. 354. 338. 436. 258. 436. 261.
    355. 614. 349. 616. 431. 535. 432. 534. 352. 524. 351. 524. 432.
    443. 434. 444. 353. 250. 355. 246. 437. 167. 437. 169. 357. 704.
    261. 705. 339. 624. 339. 624. 261. 255. 266. 249. 345. 171. 346.
    175. 267. 346. 266. 341. 344. 261. 344. 266. 266. 793. 260. 796.
    338. 716. 339. 713. 261. 615. 262. 615. 340. 534. 341. 535. 264.
    437. 266. 433. 344. 352. 342. 357. 266. 526. 265. 525. 342. 444.
    342. 446. 266. 702. 175. 702. 251. 624. 252. 623. 176. 258. 180.
    253. 256. 174. 256. 180. 181. 788. 174. 793. 250. 714. 251. 711.
    175. 613. 176. 614. 252. 534. 253. 535. 179. 437. 181. 437. 256.
    356. 256. 359. 182. 348. 181. 345. 256. 265. 254. 270. 180. 526.
    179. 525. 255. 447. 256. 451. 181.</_>
  <_>
    718. 476. 741. 547. 670. 568. 647. 497. 639. 500. 660. 572. 590.
    592. 568. 521. 798. 452. 819. 523. 749. 544. 727. 472. 561. 524.
    580. 595. 511. 616. 489. 544. 482. 549. 502. 619. 433. 640. 411.
    569. 876. 429. 898. 499. 829. 520. 806. 449. 539. 445. 556. 515.
    487. 536. 467. 466. 695. 398. 716. 466. 644. 487. 624. 418. 954.
    405. 976. 475. 907. 496. 885. 425. 458. 468. 478. 539. 408. 560.
    390. 489. 416. 313. 436. 380. 366. 401. 343. 332. 928. 326. 951.
    396. 882. 417. 859. 348. 849. 350. 873. 419. 803. 440. 781. 370.
    617. 422. 636. 491. 567. 511. 546. 441. 439. 391. 456. 459. 387.
    480. 367. 410. 772. 374. 794. 443. 724. 463. 703. 394. 671. 320.
    691. 388. 621. 408. 601. 340. 594. 344. 613. 412. 542. 432. 525.
    363. 393. 236. 414. 303. 344. 324. 324. 255. 747. 296. 769. 364.
    699. 385. 679. 317. 824. 273. 847. 341. 779. 362. 756. 293. 800.
    197. 822. 265. 753. 284. 731. 218. 902. 250. 924. 318. 856. 338.
    834. 270. 516. 367. 535. 435. 467. 456. 448. 387. 494. 291. 513.
    358. 446. 379. 424. 311. 472. 215. 492. 281. 422. 301. 403. 233.
    724. 221. 745. 288. 676. 308. 655. 242. 877. 176. 899. 242. 830.
    261. 808. 194. 570. 268. 590. 335. 522. 355. 502. 289. 646. 244.
    668. 310. 599. 331. 580. 265. 775. 123. 797. 190. 730. 209. 708.
    144. 547. 194. 568. 260. 501. 280. 481. 213. 851. 102. 874. 166.
    806. 186. 784. 121. 700. 147. 720. 212. 654. 233. 632. 168. 624.
    171. 644. 235. 578. 257. 558. 192.</_>
  <_>
    160. 474. 150. 541. 79. 538. 89. 470. 240. 479. 231. 546. 160. 541.
    170. 475. 171. 400. 162. 465. 90. 460. 100. 395. 318. 485. 309. 550.
    240. 545. 249. 480. 250. 406. 241. 470. 171. 465. 181. 401. 183.
    330. 171. 391. 102. 384. 113. 322. 327. 412. 318. 476. 251. 471.
    259. 407. 393. 489. 386. 553. 319. 549. 328. 484. 193. 260. 184.
    320. 114. 312. 126. 251. 260. 336. 251. 397. 183. 392. 193. 330.
    466. 494. 459. 557. 394. 553. 403. 489. 335. 343. 328. 403. 260.
    397. 269. 337. 401. 419. 394. 480. 328. 475. 336. 413. 270. 269.
    261. 328. 194. 321. 202. 262. 204. 194. 195. 251. 126. 243. 137.
    184. 407. 349. 402. 409. 336. 405. 345. 343. 472. 424. 466. 485.
    403. 481. 409. 418. 535. 497. 530. 560. 468. 557. 475. 493. 279.
    204. 271. 260. 204. 251. 214. 194. 343. 276. 335. 335. 271. 329.
    279. 270. 477. 356. 471. 416. 410. 411. 416. 350. 540. 429. 536.
    489. 474. 485. 480. 424. 414. 284. 407. 342. 345. 335. 351. 277.
    351. 213. 344. 268. 280. 262. 288. 204. 602. 502. 598. 563. 538.
    560. 544. 498. 545. 363. 540. 421. 480. 416. 486. 357. 606. 435.
    602. 494. 543. 490. 548. 430. 483. 292. 477. 348. 416. 342. 423.
    284. 420. 221. 414. 276. 352. 269. 360. 214. 549. 298. 546. 354.
    486. 349. 492. 291. 610. 369. 607. 426. 548. 421. 553. 363. 488.
    229. 484. 283. 422. 276. 429. 221. 553. 236. 550. 290. 492. 284.
    497. 228. 613. 306. 610. 361. 553. 356. 558. 299. 616. 245. 613.
    298. 557. 291. 561. 237.</_>
  <_>
    985. 542. 1066. 540. 1077. 618. 992. 619. 898. 546. 975. 543. 981.
    620. 903. 620. 977. 462. 1056. 456. 1066. 528. 985. 533. 893. 468.
    967. 462. 974. 532. 898. 536. 970. 387. 1046. 379. 1056. 445. 977.
    452. 819. 550. 888. 546. 893. 620. 822. 622. 890. 394. 961. 387.
    966. 453. 893. 458. 816. 473. 885. 468. 888. 536. 818. 540. 744.
    553. 810. 550. 812. 621. 744. 622. 965. 318. 1037. 310. 1045. 371.
    969. 376. 814. 401. 881. 395. 884. 459. 816. 464. 672. 556. 735.
    553. 735. 621. 670. 622. 744. 480. 808. 474. 810. 541. 745. 544.
    887. 327. 956. 320. 960. 379. 889. 385. 960. 254. 1030. 245. 1035.
    302. 964. 310. 676. 486. 737. 480. 736. 545. 674. 547. 743. 410.
    805. 402. 807. 465. 745. 471. 884. 264. 951. 256. 954. 312. 886.
    319. 813. 336. 878. 328. 880. 386. 814. 393. 955. 193. 1023. 184.
    1027. 237. 958. 245. 678. 417. 736. 410. 736. 472. 678. 477. 744.
