<?xml version="1.0"?>
<opencv_storage>
<cameraMatrix type_id="opencv-matrix">
  <rows>3</rows>
  <cols>3</cols>
  <dt>d</dt>
  <data>
    1.5241781010510746e+02 0. 5.6351363320845792e+02 0.
    1.5241781010510746e+02 3.7570025569168303e+02 0. 0. 1.</data></cameraMatrix>
<distCoeffs type_id="opencv-matrix">
  <rows>5</rows>
  <cols>1</cols>
  <dt>d</dt>
  <data>
    -2.2059289614288352e-02 -3.9061020118790352e-05
    -1.0261359269804734e-04 1.0289742287611574e-02
    3.2142026843406551e-06</data></distCoeffs>
</opencv_storage>
