<?xml version="1.0"?>
<opencv_storage>
<frame_width>1280</frame_width>
<frame_height>720</frame_height>
<aspect_ratio>1.</aspect_ratio>
<camera_matrix type_id="opencv-matrix">
  <rows>3</rows>
  <cols>3</cols>
  <dt>d</dt>
  <data>
    4.0111961287305394e+02 0. 6.3796595085162221e+02 0.
    4.0111961287305394e+02 3.6027477729044432e+02 0. 0. 1.</data></camera_matrix>
<dist_coeffs type_id="opencv-matrix">
  <rows>5</rows>
  <cols>1</cols>
  <dt>d</dt>
  <data>
    -8.2519006944006920e-02 1.7170932166648903e-03
    1.7931952630851244e-02 -1.0556727022514071e-02
    -9.4454259504218424e-06</data></dist_coeffs>
<reprojection_error>2.9939736605741143e+02</reprojection_error>
<point_set>
  0. 0. 0. 100. 0. 0. 100. 100. 0. 0. 100. 0. 0. 110. 0. 100. 110. 0.
  100. 210. 0. 0. 210. 0. 0. 220. 0. 100. 220. 0. 100. 320. 0. 0. 320.
  0. 0. 330. 0. 100. 330. 0. 100. 430. 0. 0. 430. 0. 0. 440. 0. 100.
  440. 0. 100. 540. 0. 0. 540. 0. 110. 0. 0. 210. 0. 0. 210. 100. 0.
  110. 100. 0. 110. 110. 0. 210. 110. 0. 210. 210. 0. 110. 210. 0. 110.
  220. 0. 210. 220. 0. 210. 320. 0. 110. 320. 0. 110. 330. 0. 210. 330.
  0. 210. 430. 0. 110. 430. 0. 110. 440. 0. 210. 440. 0. 210. 540. 0.
  110. 540. 0. 220. 0. 0. 320. 0. 0. 320. 100. 0. 220. 100. 0. 220. 110.
  0. 320. 110. 0. 320. 210. 0. 220. 210. 0. 220. 220. 0. 320. 220. 0.
  320. 320. 0. 220. 320. 0. 220. 330. 0. 320. 330. 0. 320. 430. 0. 220.
  430. 0. 220. 440. 0. 320. 440. 0. 320. 540. 0. 220. 540. 0. 330. 0. 0.
  430. 0. 0. 430. 100. 0. 330. 100. 0. 330. 110. 0. 430. 110. 0. 430.
  210. 0. 330. 210. 0. 330. 220. 0. 430. 220. 0. 430. 320. 0. 330. 320.
  0. 330. 330. 0. 430. 330. 0. 430. 430. 0. 330. 430. 0. 330. 440. 0.
  430. 440. 0. 430. 540. 0. 330. 540. 0. 440. 0. 0. 540. 0. 0. 540. 100.
  0. 440. 100. 0. 440. 110. 0. 540. 110. 0. 540. 210. 0. 440. 210. 0.
  440. 220. 0. 540. 220. 0. 540. 320. 0. 440. 320. 0. 440. 330. 0. 540.
  330. 0. 540. 430. 0. 440. 430. 0. 440. 440. 0. 540. 440. 0. 540. 540.
  0. 440. 540. 0. 550. 0. 0. 650. 0. 0. 650. 100. 0. 550. 100. 0. 550.
  110. 0. 650. 110. 0. 650. 210. 0. 550. 210. 0. 550. 220. 0. 650. 220.
  0. 650. 320. 0. 550. 320. 0. 550. 330. 0. 650. 330. 0. 650. 430. 0.
  550. 430. 0. 550. 440. 0. 650. 440. 0. 650. 540. 0. 550. 540. 0. 660.
  0. 0. 760. 0. 0. 760. 100. 0. 660. 100. 0. 660. 110. 0. 760. 110. 0.
  760. 210. 0. 660. 210. 0. 660. 220. 0. 760. 220. 0. 760. 320. 0. 660.
  320. 0. 660. 330. 0. 760. 330. 0. 760. 430. 0. 660. 430. 0. 660. 440.
  0. 760. 440. 0. 760. 540. 0. 660. 540. 0.</point_set>
<corner_list>
  <_>
    538. 498. 533. 560. 595. 566. 601. 504. 468. 491. 463. 554. 525.
    559. 530. 497. 398. 485. 393. 547. 455. 553. 460. 490. 474. 422.
    469. 484. 530. 490. 536. 428. 480. 353. 475. 415. 536. 421. 542.
    359. 405. 416. 399. 478. 461. 483. 466. 421. 411. 348. 405. 409.
    467. 414. 473. 353. 266. 406. 260. 467. 322. 472. 328. 411. 329.
    480. 323. 542. 384. 547. 390. 485. 336. 411. 329. 472. 391. 477.
    397. 416. 487. 285. 481. 346. 542. 352. 548. 291. 544. 429. 539.
    490. 601. 496. 605. 436. 260. 475. 254. 536. 315. 541. 321. 480.
    123. 463. 117. 524. 177. 530. 184. 469. 192. 469. 185. 530. 246.
    535. 252. 474. 198. 401. 192. 461. 253. 466. 259. 406. 342. 344.
    336. 404. 397. 408. 403. 348. 550. 360. 544. 421. 605. 428. 609.
    368. 131. 396. 124. 456. 184. 461. 191. 400. 417. 282. 411. 340.
    473. 345. 478. 285. 491. 222. 487. 278. 548. 284. 553. 223. 274.
    340. 267. 398. 328. 403. 334. 343. 206. 335. 199. 393. 260. 398.
    266. 339. 348. 280. 342. 337. 404. 340. 409. 282. 139. 330. 132.
    389. 192. 393. 199. 335. 555. 292. 550. 352. 610. 360. 613. 302.
    281. 275. 274. 332. 335. 336. 341. 279. 214. 271. 207. 328. 267.
    332. 273. 274. 423. 219. 417. 274. 479. 278. 484. 222. 355. 216.
    349. 272. 410. 275. 415. 218. 148. 267. 140. 323. 200. 327. 207.
    270. 288. 213. 282. 268. 342. 272. 348. 215. 560. 225. 556. 285.
    613. 295. 615. 238. 223. 210. 215. 264. 274. 267. 281. 212. 158.
    208. 149. 260. 208. 263. 215. 210.</_>
  <_>
    280. 1028. 279. 1098. 347. 1098. 347. 1028. 129. 1030. 128. 1098.
    196. 1098. 197. 1028. 205. 1029. 204. 1098. 271. 1098. 272. 1028.
    355. 1028. 355. 1098. 422. 1098. 422. 1029. 132. 951. 130. 1020.
    197. 1020. 198. 951. 207. 951. 205. 1020. 272. 1020. 273. 951. 430.
    1028. 430. 1098. 496. 1097. 496. 1028. 281. 951. 280. 1020. 347.
    1020. 347. 951. 355. 951. 355. 1020. 421. 1020. 421. 951. 135. 874.
    133. 943. 199. 942. 201. 874. 209. 874. 207. 943. 273. 943. 274.
    874. 429. 952. 429. 1020. 496. 1019. 494. 951. 282. 875. 281. 943.
    347. 943. 348. 875. 355. 875. 355. 943. 421. 943. 421. 876. 503.
    1028. 505. 1097. 569. 1094. 568. 1026. 428. 876. 429. 943. 495. 942.
    493. 875. 502. 951. 503. 1019. 568. 1018. 566. 950. 139. 799. 135.
    866. 201. 866. 203. 799. 574. 949. 576. 1018. 640. 1017. 637. 949.
    212. 799. 209. 866. 275. 866. 276. 800. 428. 800. 428. 867. 494.
    867. 492. 801. 284. 800. 282. 866. 348. 866. 348. 800. 356. 800.
    356. 867. 421. 866. 419. 800. 576. 1026. 577. 1094. 640. 1090. 639.
    1024. 502. 875. 502. 942. 566. 941. 565. 875. 500. 801. 501. 867.
    565. 867. 564. 801. 214. 727. 211. 791. 276. 792. 277. 727. 498.
    729. 500. 793. 563. 793. 562. 727. 427. 728. 428. 793. 492. 793.
    490. 729. 144. 727. 139. 791. 203. 792. 206. 727. 356. 728. 356.
    792. 419. 793. 419. 728. 285. 728. 284. 792. 348. 792. 348. 728.
    573. 875. 574. 941. 636. 940. 633. 874. 571. 801. 572. 866. 633.
    866. 629. 800. 569. 728. 571. 793. 628. 793. 624. 731.</_>
  <_>
    512. 413. 508. 485. 579. 488. 583. 415. 583. 577. 580. 648. 653.
    651. 655. 580. 508. 493. 504. 565. 575. 568. 579. 496. 504. 573.
    500. 644. 572. 647. 575. 576. 515. 336. 512. 405. 584. 407. 587.
    335. 580. 656. 576. 727. 647. 730. 652. 660. 432. 412. 428. 482.
    499. 485. 503. 413. 424. 570. 421. 641. 492. 644. 495. 573. 500.
    653. 497. 724. 568. 727. 571. 656. 588. 496. 584. 568. 655. 571.
    657. 500. 428. 491. 425. 562. 495. 565. 499. 494. 421. 649. 417.
    719. 488. 723. 492. 653. 346. 567. 343. 637. 412. 641. 416. 570.
    350. 489. 346. 559. 416. 561. 420. 491. 436. 335. 432. 404. 503.
    405. 507. 336. 592. 416. 588. 488. 657. 492. 659. 421. 343. 645.
    339. 715. 409. 719. 412. 649. 354. 411. 350. 481. 420. 482. 423.
    412. 265. 642. 262. 711. 331. 715. 334. 645. 269. 564. 266. 634.
    334. 637. 338. 567. 358. 334. 354. 403. 424. 404. 427. 335. 274.
    486. 269. 556. 338. 558. 341. 488. 278. 409. 273. 478. 342. 480.
    346. 411. 197. 484. 193. 553. 261. 555. 265. 486. 193. 561. 190.
    630. 258. 633. 261. 564. 595. 336. 592. 408. 659. 413. 660. 344.
    282. 333. 277. 400. 346. 403. 350. 334. 189. 638. 187. 707. 254.
    711. 257. 642. 118. 557. 114. 626. 181. 630. 185. 561. 202. 407.
    197. 475. 265. 478. 269. 409. 114. 634. 112. 703. 178. 707. 181.
    638. 122. 481. 118. 549. 185. 552. 189. 484. 128. 405. 122. 473.
    189. 475. 193. 407. 208. 332. 202. 399. 269. 401. 274. 334. 134.
    333. 128. 398. 194. 399. 199. 333.</_>
  <_>
    569. 423. 588. 495. 662. 475. 644. 402. 547. 344. 567. 415. 641.
    392. 620. 322. 488. 447. 507. 518. 579. 498. 560. 426. 467. 368.
    485. 438. 558. 417. 539. 346. 526. 264. 545. 335. 618. 314. 597.
    244. 446. 289. 464. 359. 536. 338. 517. 267. 425. 212. 444. 281.
    515. 258. 496. 188. 409. 471. 428. 541. 498. 521. 480. 450. 389.
    393. 407. 462. 477. 441. 458. 370. 368. 316. 386. 385. 456. 362.
    437. 292. 505. 185. 524. 256. 595. 236. 575. 169. 406. 138. 423.
    203. 494. 179. 475. 110. 349. 240. 366. 307. 435. 284. 417. 214.
    334. 494. 352. 563. 419. 543. 401. 474. 313. 418. 331. 486. 398.
    465. 380. 396. 294. 341. 311. 409. 378. 387. 360. 318. 331. 168.
    347. 232. 415. 206. 398. 141. 240. 441. 258. 509. 323. 489. 305.
    420. 484. 108. 502. 177. 572. 161. 551. 98. 276. 268. 292. 334. 358.
    310. 341. 243. 260. 517. 278. 584. 343. 565. 326. 497. 222. 367.
