<?xml version="1.0"?>
<opencv_storage>
<frame_width>1280</frame_width>
<frame_height>720</frame_height>
<aspect_ratio>1.</aspect_ratio>
<camera_matrix type_id="opencv-matrix">
  <rows>3</rows>
  <cols>3</cols>
  <dt>d</dt>
  <data>
    1.7800678079716266e+02 0. 2.7950000350656552e+02 0.
    1.7800678079716266e+02 3.8949999238787518e+02 0. 0. 1.</data></camera_matrix>
<dist_coeffs type_id="opencv-matrix">
  <rows>5</rows>
  <cols>1</cols>
  <dt>d</dt>
  <data>
    -2.1477572399739277e-02 1.1208679747378450e-04
    2.3201942649044298e-03 4.8442228346240309e-03
    -1.4974658420355557e-07</data></dist_coeffs>
<reprojection_error>2.6754709539029517e+02</reprojection_error>
<point_set>
  0. 0. 0. 100. 0. 0. 100. 100. 0. 0. 100. 0. 110. 0. 0. 210. 0. 0. 210.
  100. 0. 110. 100. 0. 220. 0. 0. 320. 0. 0. 320. 100. 0. 220. 100. 0.
  330. 0. 0. 430. 0. 0. 430. 100. 0. 330. 100. 0. 440. 0. 0. 540. 0. 0.
  540. 100. 0. 440. 100. 0. 0. 110. 0. 100. 110. 0. 100. 210. 0. 0. 210.
  0. 110. 110. 0. 210. 110. 0. 210. 210. 0. 110. 210. 0. 220. 110. 0.
  320. 110. 0. 320. 210. 0. 220. 210. 0. 330. 110. 0. 430. 110. 0. 430.
  210. 0. 330. 210. 0. 440. 110. 0. 540. 110. 0. 540. 210. 0. 440. 210.
  0. 0. 220. 0. 100. 220. 0. 100. 320. 0. 0. 320. 0. 110. 220. 0. 210.
  220. 0. 210. 320. 0. 110. 320. 0. 220. 220. 0. 320. 220. 0. 320. 320.
  0. 220. 320. 0. 330. 220. 0. 430. 220. 0. 430. 320. 0. 330. 320. 0.
  440. 220. 0. 540. 220. 0. 540. 320. 0. 440. 320. 0. 0. 330. 0. 100.
  330. 0. 100. 430. 0. 0. 430. 0. 110. 330. 0. 210. 330. 0. 210. 430. 0.
  110. 430. 0. 220. 330. 0. 320. 330. 0. 320. 430. 0. 220. 430. 0. 330.
  330. 0. 430. 330. 0. 430. 430. 0. 330. 430. 0. 440. 330. 0. 540. 330.
  0. 540. 430. 0. 440. 430. 0. 0. 440. 0. 100. 440. 0. 100. 540. 0. 0.
  540. 0. 110. 440. 0. 210. 440. 0. 210. 540. 0. 110. 540. 0. 220. 440.
  0. 320. 440. 0. 320. 540. 0. 220. 540. 0. 330. 440. 0. 430. 440. 0.
  430. 540. 0. 330. 540. 0. 440. 440. 0. 540. 440. 0. 540. 540. 0. 440.
  540. 0. 0. 550. 0. 100. 550. 0. 100. 650. 0. 0. 650. 0. 110. 550. 0.
  210. 550. 0. 210. 650. 0. 110. 650. 0. 220. 550. 0. 320. 550. 0. 320.
  650. 0. 220. 650. 0. 330. 550. 0. 430. 550. 0. 430. 650. 0. 330. 650.
  0. 440. 550. 0. 540. 550. 0. 540. 650. 0. 440. 650. 0. 0. 660. 0. 100.
  660. 0. 100. 760. 0. 0. 760. 0. 110. 660. 0. 210. 660. 0. 210. 760. 0.
  110. 760. 0. 220. 660. 0. 320. 660. 0. 320. 760. 0. 220. 760. 0. 330.
  660. 0. 430. 660. 0. 430. 760. 0. 330. 760. 0. 440. 660. 0. 540. 660.
  0. 540. 760. 0. 440. 760. 0.</point_set>
<corner_list>
  <_>
    669. 669. 664. 593. 738. 588. 744. 664. 502. 680. 498. 603. 571.
    598. 576. 674. 585. 674. 581. 598. 654. 593. 660. 669. 663. 583.
    657. 509. 730. 503. 737. 579. 580. 589. 576. 513. 649. 509. 654.
    583. 420. 685. 416. 609. 489. 604. 492. 680. 499. 594. 494. 519.
    567. 514. 571. 589. 415. 599. 412. 526. 485. 519. 488. 594. 338.
    689. 335. 614. 406. 608. 410. 684. 658. 499. 652. 426. 725. 421.
    731. 494. 575. 504. 571. 432. 643. 426. 648. 499. 335. 604. 332.
    531. 404. 525. 406. 599. 495. 510. 491. 436. 562. 432. 567. 504.
    413. 516. 413. 442. 482. 438. 485. 510. 652. 417. 647. 346. 718.
    340. 724. 412. 260. 692. 256. 619. 326. 614. 329. 688. 572. 423.
    567. 351. 638. 346. 642. 418. 257. 608. 254. 536. 324. 530. 326.
    603. 333. 521. 334. 450. 404. 444. 404. 515. 491. 428. 488. 358.
    558. 352. 562. 423. 183. 695. 180. 622. 247. 618. 251. 692. 646.
    336. 642. 268. 712. 262. 718. 332. 255. 526. 256. 455. 325. 449.
    324. 520. 180. 612. 178. 540. 245. 535. 247. 608. 177. 530. 178.
    460. 246. 454. 246. 525. 567. 342. 563. 274. 633. 268. 638. 336.
    179. 450. 179. 381. 250. 377. 248. 445. 180. 372. 180. 304. 250.
    300. 251. 368. 488. 349. 486. 281. 554. 274. 558. 343. 413. 434.
    412. 365. 479. 358. 482. 428. 335. 440. 336. 372. 403. 365. 404.
    435. 257. 445. 260. 377. 328. 372. 326. 440. 262. 368. 260. 300.
    328. 297. 328. 363. 413. 356. 412. 288. 477. 281. 479. 349. 337.
    363. 338. 297. 402. 289. 404. 356.</_>
  <_>
    839. 600. 823. 512. 913. 499. 928. 588. 823. 502. 808. 413. 896.
    400. 911. 487. 741. 614. 726. 525. 813. 513. 828. 601. 806. 403.
    792. 317. 879. 303. 894. 389. 724. 514. 711. 428. 796. 414. 811.
    502. 643. 626. 630. 539. 714. 526. 729. 614. 548. 639. 537. 551.
    619. 539. 632. 627. 790. 307. 776. 223. 862. 209. 877. 292. 628.
    527. 615. 442. 700. 429. 712. 516. 708. 417. 696. 333. 780. 319.
    795. 404. 535. 541. 522. 457. 605. 443. 618. 529. 614. 432. 602.
    348. 684. 334. 698. 419. 694. 323. 682. 240. 765. 225. 779. 308.
    774. 213. 761. 133. 846. 117. 861. 198. 455. 649. 445. 565. 525.
    552. 538. 639. 444. 555. 433. 470. 513. 457. 524. 542. 680. 231.
    669. 150. 751. 135. 764. 215. 601. 338. 590. 258. 670. 241. 684.
    324. 521. 446. 514. 364. 592. 350. 604. 432. 368. 659. 356. 577.
    434. 565. 446. 650. 590. 247. 579. 168. 658. 152. 670. 233. 357.
    566. 345. 484. 423. 471. 433. 555. 433. 460. 425. 380. 502. 365.
    511. 447. 513. 353. 503. 275. 581. 259. 591. 338. 284. 670. 273.
    588. 347. 578. 359. 661. 343. 472. 338. 394. 415. 381. 421. 461.
    273. 578. 260. 497. 335. 485. 347. 566. 245. 308. 236. 231. 315.
    220. 323. 298. 259. 486. 253. 408. 329. 394. 334. 474. 425. 369.
    419. 292. 494. 276. 502. 355. 253. 396. 245. 319. 324. 307. 329.
    384. 503. 265. 494. 187. 569. 171. 579. 248. 337. 384. 334. 307.
    409. 293. 415. 371. 333. 296. 326. 219. 402. 209. 409. 282. 419.
    282. 413. 207. 485. 190. 492. 268.</_>
  <_>
    364. 650. 292. 669. 277. 598. 347. 582. 319. 421. 246. 434. 234.
    364. 307. 353. 332. 496. 258. 512. 247. 443. 320. 430. 307. 344.
    233. 355. 220. 287. 294. 278. 346. 573. 276. 589. 260. 521. 332.
    505. 293. 268. 218. 276. 206. 209. 281. 204. 279. 195. 205. 200.
    191. 134. 266. 131. 422. 554. 354. 571. 342. 504. 411. 490. 408.
    482. 340. 495. 330. 428. 398. 416. 397. 407. 328. 419. 317. 352.
    386. 343. 437. 630. 372. 647. 357. 579. 422. 563. 384. 334. 316.
    344. 303. 278. 371. 271. 370. 263. 302. 269. 289. 204. 357. 200.
    356. 191. 288. 195. 275. 132. 342. 129. 494. 537. 430. 553. 419.
    487. 482. 474. 507. 608. 445. 627. 432. 561. 495. 546. 481. 466.
    417. 479. 407. 415. 470. 403. 469. 395. 406. 407. 394. 342. 456.
    334. 454. 326. 392. 334. 380. 270. 443. 265. 441. 256. 378. 262.
    366. 200. 428. 197. 426. 189. 365. 192. 352. 130. 413. 129. 571.
    590. 514. 607. 503. 544. 560. 529. 559. 521. 502. 536. 491. 472.
    547. 460. 546. 453. 489. 465. 478. 402. 534. 393. 533. 384. 477.
    394. 464. 333. 520. 325. 519. 318. 462. 325. 450. 264. 506. 259.
    505. 252. 448. 256. 436. 197. 493. 194. 491. 187. 435. 189. 422.
    129. 478. 130. 604. 440. 553. 452. 542. 391. 593. 382. 616. 506.
    566. 520. 555. 459. 605. 448. 592. 375. 541. 384. 528. 324. 580.
    318. 627. 573. 578. 588. 568. 527. 617. 514. 579. 310. 527. 317.
    514. 259. 566. 255. 564. 248. 512. 251. 500. 195. 551. 192. 550.
    185. 499. 187. 486. 130. 537. 130.</_>
  <_>
    1123. 427. 1135. 490. 1068. 499. 1055. 436. 1108. 356. 1121. 418.
    1054. 427. 1042. 366. 1046. 437. 1058. 499. 993. 507. 981. 445.
    1095. 288. 1106. 348. 1040. 357. 1029. 298. 1032. 367. 1045. 427.
    980. 437. 968. 377. 972. 446. 983. 508. 920. 515. 909. 454. 1020.
    299. 1031. 359. 967. 368. 956. 310. 960. 378. 971. 438. 907. 446.
    898. 386. 1079. 221. 1092. 279. 1027. 290. 1016. 233. 901. 455. 911.
    516. 849. 523. 840. 462. 1066. 157. 1078. 213. 1014. 224. 1003. 168.
    1007. 234. 1018. 291. 956. 302. 945. 244. 889. 387. 899. 447. 838.
    455. 829. 396. 948. 311. 958. 369. 897. 379. 887. 320. 832. 464.
    841. 523. 782. 531. 773. 472. 936. 246. 947. 302. 885. 313. 876.
    257. 993. 170. 1005. 226. 944. 237. 933. 182. 878. 322. 888. 380.
    828. 389. 819. 333. 821. 398. 830. 456. 771. 464. 763. 407. 926.
    184. 935. 238. 874. 249. 866. 194. 868. 258. 877. 314. 818. 324.
