<?xml version="1.0"?>
<opencv_storage>
<frame_width>1280</frame_width>
<frame_height>720</frame_height>
<aspect_ratio>1.</aspect_ratio>
<camera_matrix type_id="opencv-matrix">
  <rows>3</rows>
  <cols>3</cols>
  <dt>d</dt>
  <data>
    .Nan 0. .Nan 0. .Nan .Nan 0. 0. 1.</data></camera_matrix>
<dist_coeffs type_id="opencv-matrix">
  <rows>5</rows>
  <cols>1</cols>
  <dt>d</dt>
  <data>
    .Nan .Nan .Nan .Nan .Nan</data></dist_coeffs>
<reprojection_error>.Nan</reprojection_error>
<point_set>
  0. 0. 0. 100. 0. 0. 100. 100. 0. 0. 100. 0. 110. 0. 0. 210. 0. 0. 210.
  100. 0. 110. 100. 0. 220. 0. 0. 320. 0. 0. 320. 100. 0. 220. 100. 0.
  330. 0. 0. 430. 0. 0. 430. 100. 0. 330. 100. 0. 440. 0. 0. 540. 0. 0.
  540. 100. 0. 440. 100. 0. 0. 110. 0. 100. 110. 0. 100. 210. 0. 0. 210.
  0. 110. 110. 0. 210. 110. 0. 210. 210. 0. 110. 210. 0. 220. 110. 0.
  320. 110. 0. 320. 210. 0. 220. 210. 0. 330. 110. 0. 430. 110. 0. 430.
  210. 0. 330. 210. 0. 440. 110. 0. 540. 110. 0. 540. 210. 0. 440. 210.
  0. 0. 220. 0. 100. 220. 0. 100. 320. 0. 0. 320. 0. 110. 220. 0. 210.
  220. 0. 210. 320. 0. 110. 320. 0. 220. 220. 0. 320. 220. 0. 320. 320.
  0. 220. 320. 0. 330. 220. 0. 430. 220. 0. 430. 320. 0. 330. 320. 0.
  440. 220. 0. 540. 220. 0. 540. 320. 0. 440. 320. 0. 0. 330. 0. 100.
  330. 0. 100. 430. 0. 0. 430. 0. 110. 330. 0. 210. 330. 0. 210. 430. 0.
  110. 430. 0. 220. 330. 0. 320. 330. 0. 320. 430. 0. 220. 430. 0. 330.
  330. 0. 430. 330. 0. 430. 430. 0. 330. 430. 0. 440. 330. 0. 540. 330.
  0. 540. 430. 0. 440. 430. 0. 0. 440. 0. 100. 440. 0. 100. 540. 0. 0.
  540. 0. 110. 440. 0. 210. 440. 0. 210. 540. 0. 110. 540. 0. 220. 440.
  0. 320. 440. 0. 320. 540. 0. 220. 540. 0. 330. 440. 0. 430. 440. 0.
  430. 540. 0. 330. 540. 0. 440. 440. 0. 540. 440. 0. 540. 540. 0. 440.
  540. 0. 0. 550. 0. 100. 550. 0. 100. 650. 0. 0. 650. 0. 110. 550. 0.
  210. 550. 0. 210. 650. 0. 110. 650. 0. 220. 550. 0. 320. 550. 0. 320.
  650. 0. 220. 650. 0. 330. 550. 0. 430. 550. 0. 430. 650. 0. 330. 650.
  0. 440. 550. 0. 540. 550. 0. 540. 650. 0. 440. 650. 0. 0. 660. 0. 100.
  660. 0. 100. 760. 0. 0. 760. 0. 110. 660. 0. 210. 660. 0. 210. 760. 0.
  110. 760. 0. 220. 660. 0. 320. 660. 0. 320. 760. 0. 220. 760. 0. 330.
  660. 0. 430. 660. 0. 430. 760. 0. 330. 760. 0. 440. 660. 0. 540. 660.
  0. 540. 760. 0. 440. 760. 0.</point_set>
<corner_list>
  <_>
    709. 537. 162. 566. 256. 561. 167. 474. 715. 624. 157. 651. 252.
    647. 163. 556. 630. 628. 73. 655. 167. 651. 76. 560. 626. 542. 76.
    569. 172. 566. 80. 476. 9.88380999e+30 7.62446494e-42 9.94767996e+30
    7.62446494e-42 9.94713836e+30 7.62446494e-42 4.43223031e+05
    2.90199944e-38 8.68805048e-44 0. 2.95673976e-43 0. 2.31214247e-43 0.
    0. 0. 0. 0. 0. 0. 0. 0. 2.80259693e-45 0. 0. 0. 0. 0. 0. 0. 0. 0.
    9.88382933e+30 7.62446494e-42 9.94769930e+30 7.62446494e-42
    9.94715770e+30 7.62446494e-42 4.43228031e+05 2.90199944e-38
    5.57716789e-43 0. 3.37712930e-43 0. 3.88159675e-43 0. 0. 0. 0. 0. 0.
    0. 0. 0. 0. 0. 0. 0. 0. 0. 0. 0. 0. 0. 9.88384867e+30 7.62446494e-42
    9.94771864e+30 7.62446494e-42 9.94717704e+30 7.62446494e-42
    -1.15196494e-19 2.52233724e-44 5.26888223e-43 0. 2.59240216e-43 0.
    3.23699945e-43 0. 3.77084766e+03 4.59065377e-41 0. 0. 0. 0. 0. 0. 0.
    0. 0. 0. 0. 0. 0. 0. 0. 0. 9.88386802e+30 7.62446494e-42
    9.94773799e+30 7.62446494e-42 9.94719639e+30 7.62446494e-42
    -7.34683969e-40 2.52233724e-44 3.06884364e-43 0. 6.89438844e-43 0.
    7.00649232e-43 0. 3.77086523e+03 4.59065377e-41 0. 0. 0. 0. 0. 0. 0.
    0. 0. 0. 0. 0. 0. 0. 0. 0. 9.88388736e+30 7.62446494e-42
    9.94775733e+30 7.62446494e-42 9.94721573e+30 7.62446494e-42
    9.94648070e+30 7.62446494e-42 5.81538863e-43 0. 2.43825933e-43 0.
    6.95044038e-43 0. 5.10072641e-43 0. 0. 0. 0. 0. 0. 0. 0. 0. 0. 0. 0.
    0. 0. 0. 0. 0. 9.88390670e+30 7.62446494e-42 9.94777667e+30
    7.62446494e-42 9.94723507e+30 7.62446494e-42 4.43228031e+05
    2.90199944e-38 2.70450604e-43 0. 5.43703804e-43 0. 3.86758376e-43 0.
    0. 0. 0. 0. 0. 0. 0. 0. 0. 0. 0. 0. 0. 0. 0. 0. 0. 0. 9.88392604e+30
    7.62446494e-42 9.94779601e+30 7.62446494e-42 9.94725441e+30
    7.62446494e-42 4.42486531e+05 2.90199944e-38 6.58610278e-44 0.
    2.24207754e-43 0. 3.62936302e-43 0. 2.80259693e-45 0. 0. 0. 0. 0. 0.
    0. 2.55676478e-37 3.44383111e-41 0. 0. 0. 0. 0. 0. 2.55676478e-37
    3.44383111e-41 9.88394539e+30 7.62446494e-42 9.94781536e+30
    7.62446494e-42 9.94727376e+30 7.62446494e-42 4.42486531e+05
    2.90199944e-38 8.40779079e-44 0. 2.25609053e-43 0. 2.08793471e-43 0.
    2.80259693e-45 0. 0. 0. 0. 0. 0. 0. 9.75931513e-39 3.44383111e-41</_>
  <_>
    1239. 508. 1229. 415. 1137. 510. 1128. 418. 1248. 595. 1239. 500.
    1144. 596. 1136. 500. 1155. 596. 1147. 500. 1054. 596. 1047. 502.
    1148. 509. 1138. 417. 1048. 511. 1039. 420. 9.84044340e+30
    7.62446494e-42 1128. 418. 9.84334482e+30 7.62446494e-42
    9.84156528e+30 7.62446494e-42 4.89053164e-43 0. 1136. 500.
    6.68419367e-43 0. 5.99755743e-43 0. 0. 0. 1047. 502. 0. 0. 0. 0. 0.
    0. 1039. 420. 0. 0. 0. 0. 9.84046274e+30 7.62446494e-42
    9.84156528e+30 7.62446494e-42 9.84336417e+30 7.62446494e-42 1029.
    421. 4.56823299e-43 0. 5.99755743e-43 0. 2.20003859e-43 0. 1037.
    502. 0. 0. 0. 0. 0. 0. 952. 503. 0. 0. 0. 0. 0. 0. 946. 424.
    9.84048209e+30 7.62446494e-42 1029. 421. 9.84338351e+30
    7.62446494e-42 1205. 238. 5.10072641e-43 0. 1037. 502.
    2.45227231e-43 0. 1216. 315. 0. 0. 952. 503. 0. 0. 1129. 320. 0. 0.
    946. 424. 0. 0. 1120. 243. 9.84050143e+30 7.62446494e-42 1205. 238.
    9.84340285e+30 7.62446494e-42 942. 512. 3.60133705e-43 0. 1216. 315.
    4.37205121e-43 0. 947. 594. 0. 0. 1129. 320. 0. 0. 865. 593. 0. 0.
    1120. 243. 0. 0. 861. 512. 9.84052077e+30 7.62446494e-42 942. 512.
    9.84342219e+30 7.62446494e-42 1024. 334. 5.05868746e-43 0. 947. 594.
    6.09564832e-43 0. 1029. 412. 0. 0. 865. 593. 0. 0. 946. 415. 0. 0.
    861. 512. 0. 0. 941. 338. 9.84054011e+30 7.62446494e-42 1024. 334.
    9.84344154e+30 7.62446494e-42 1110. 244. 4.54020702e-43 0. 1029.
    412. 1.63951920e-43 0. 1118. 320. 0. 0. 946. 415. 0. 0. 1033. 324.
    0. 0. 941. 338. 0. 0. 1027. 249. 9.84055946e+30 7.62446494e-42 1110.
    244. 9.84346088e+30 7.62446494e-42 937. 424. 6.15170026e-43 0. 1118.
    320. 1.75162308e-43 0. 942. 503. 0. 0. 1033. 324. 0. 0. 861. 504. 0.
    0. 1027. 249. 0. 0. 857. 426. 9.84057880e+30 7.62446494e-42 937.
    424. 9.84348022e+30 7.62446494e-42 1017. 249. 2.66246708e-43 0. 942.
    503. 6.72623263e-43 0. 1023. 325. 0. 0. 861. 504. 0. 0. 941. 330.</_>
  <_>
    866. 410. 760. 415. 860. 308. 657. 418. 872. 508. 763. 510. 866.
    400. 659. 512. 775. 510. 669. 512. 770. 404. 567. 514. 770. 415.
    667. 419. 766. 313. 568. 422. 9.85676873e+30 7.62446494e-42
    9.86069533e+30 7.62446494e-42 9.85941870e+30 7.62446494e-42
    9.86154641e+30 7.62446494e-42 1.76563607e-43 0. 4.11981749e-43 0.
    4.28797330e-43 0. 5.49308998e-43 0. 0. 0. 0. 0. 0. 0. 0. 0. 0. 0. 0.
    0. 0. 0. 0. 0. 9.85678808e+30 7.62446494e-42 9.86071467e+30
    7.62446494e-42 9.85943804e+30 7.62446494e-42 9.86156575e+30
    7.62446494e-42 5.01664850e-43 0. 2.64845410e-43 0. 6.99247934e-43 0.
    6.79629755e-43 0. 0. 0. 0. 0. 0. 0. 0. 0. 0. 0. 0. 0. 0. 0. 0. 0.
    9.85680742e+30 7.62446494e-42 9.86073401e+30 7.62446494e-42
    9.85945739e+30 7.62446494e-42 9.86158510e+30 7.62446494e-42
    4.76441478e-43 0. 2.55036321e-43 0. 3.55929810e-43 0. 7.09057023e-43
    0. 0. 0. 0. 0. 0. 0. 0. 0. 0. 0. 0. 0. 0. 0. 0. 0. 9.85682676e+30
    7.62446494e-42 9.86075335e+30 7.62446494e-42 9.85947673e+30
    7.62446494e-42 9.86160444e+30 7.62446494e-42 1.91977890e-43 0.
    1.82168800e-43 0. 7.13260918e-43 0. 4.30198629e-43 0. 0. 0. 0. 0. 0.
    0. 0. 0. 0. 0. 0. 0. 0. 0. 0. 0. 9.85684611e+30 7.62446494e-42
    9.86077270e+30 7.62446494e-42 9.85949607e+30 7.62446494e-42
    9.86162378e+30 7.62446494e-42 3.02680468e-43 0. 4.56823299e-43 0.
    5.68927177e-43 0. 5.00263552e-43 0. 0. 0. 0. 0. 0. 0. 0. 0. 0. 0. 0.
