<?xml version="1.0"?>
<opencv_storage>
<cameraMatrix type_id="opencv-matrix">
  <rows>3</rows>
  <cols>3</cols>
  <dt>d</dt>
  <data>
    7.4251994643876685e+01 0. 2.7952399473876210e+02 0.
    7.4251994643876685e+01 3.8946287978960390e+02 0. 0. 1.</data></cameraMatrix>
<distCoeffs type_id="opencv-matrix">
  <rows>5</rows>
  <cols>1</cols>
  <dt>d</dt>
  <data>
    -4.3686406099234278e-02 5.3790972161650032e-04
    5.3378486853927201e-03 2.0744619839339767e-02
    -1.8458858170826059e-06</data></distCoeffs>
</opencv_storage>
