<?xml version="1.0"?>
<opencv_storage>
<frame_width>1280</frame_width>
<frame_height>720</frame_height>
<aspect_ratio>1.</aspect_ratio>
<camera_matrix type_id="opencv-matrix">
  <rows>3</rows>
  <cols>3</cols>
  <dt>d</dt>
  <data>
    3.2536148071075166e+02 0. 6.3950000000069144e+02 0.
    3.2536148071075166e+02 3.5950000000054251e+02 0. 0. 1.</data></camera_matrix>
<dist_coeffs type_id="opencv-matrix">
  <rows>5</rows>
  <cols>1</cols>
  <dt>d</dt>
  <data>
    -4.9603172690094663e-03 5.8895243588133208e-06
    3.6895813791057636e-04 4.2895830295246353e-04
    -1.9252229985868383e-09</data></dist_coeffs>
<reprojection_error>7.3356350916329632e+02</reprojection_error>
<point_set>
  0. 0. 0. 100. 0. 0. 100. 100. 0. 0. 100. 0. 110. 0. 0. 210. 0. 0. 210.
  100. 0. 110. 100. 0. 220. 0. 0. 320. 0. 0. 320. 100. 0. 220. 100. 0.
  330. 0. 0. 430. 0. 0. 430. 100. 0. 330. 100. 0. 440. 0. 0. 540. 0. 0.
  540. 100. 0. 440. 100. 0. 0. 110. 0. 100. 110. 0. 100. 210. 0. 0. 210.
  0. 110. 110. 0. 210. 110. 0. 210. 210. 0. 110. 210. 0. 220. 110. 0.
  320. 110. 0. 320. 210. 0. 220. 210. 0. 330. 110. 0. 430. 110. 0. 430.
  210. 0. 330. 210. 0. 440. 110. 0. 540. 110. 0. 540. 210. 0. 440. 210.
  0. 0. 220. 0. 100. 220. 0. 100. 320. 0. 0. 320. 0. 110. 220. 0. 210.
  220. 0. 210. 320. 0. 110. 320. 0. 220. 220. 0. 320. 220. 0. 320. 320.
  0. 220. 320. 0. 330. 220. 0. 430. 220. 0. 430. 320. 0. 330. 320. 0.
  440. 220. 0. 540. 220. 0. 540. 320. 0. 440. 320. 0. 0. 330. 0. 100.
  330. 0. 100. 430. 0. 0. 430. 0. 110. 330. 0. 210. 330. 0. 210. 430. 0.
  110. 430. 0. 220. 330. 0. 320. 330. 0. 320. 430. 0. 220. 430. 0. 330.
  330. 0. 430. 330. 0. 430. 430. 0. 330. 430. 0. 440. 330. 0. 540. 330.
  0. 540. 430. 0. 440. 430. 0. 0. 440. 0. 100. 440. 0. 100. 540. 0. 0.
  540. 0. 110. 440. 0. 210. 440. 0. 210. 540. 0. 110. 540. 0. 220. 440.
  0. 320. 440. 0. 320. 540. 0. 220. 540. 0. 330. 440. 0. 430. 440. 0.
  430. 540. 0. 330. 540. 0. 440. 440. 0. 540. 440. 0. 540. 540. 0. 440.
  540. 0. 0. 550. 0. 100. 550. 0. 100. 650. 0. 0. 650. 0. 110. 550. 0.
  210. 550. 0. 210. 650. 0. 110. 650. 0. 220. 550. 0. 320. 550. 0. 320.
  650. 0. 220. 650. 0. 330. 550. 0. 430. 550. 0. 430. 650. 0. 330. 650.
  0. 440. 550. 0. 540. 550. 0. 540. 650. 0. 440. 650. 0. 0. 660. 0. 100.
  660. 0. 100. 760. 0. 0. 760. 0. 110. 660. 0. 210. 660. 0. 210. 760. 0.
  110. 760. 0. 220. 660. 0. 320. 660. 0. 320. 760. 0. 220. 760. 0. 330.
  660. 0. 430. 660. 0. 430. 760. 0. 330. 760. 0. 440. 660. 0. 540. 660.
  0. 540. 760. 0. 440. 760. 0.</point_set>
<corner_list>
  <_>
    527. 555. 590. 549. 595. 615. 531. 621. 458. 562. 520. 555. 523.
    622. 462. 627. 388. 568. 451. 562. 454. 627. 392. 633. 318. 575.
    380. 569. 384. 633. 321. 639. 384. 497. 447. 491. 450. 554. 388.
    561. 250. 581. 310. 575. 314. 640. 252. 646. 313. 505. 376. 498.
    380. 561. 318. 567. 455. 490. 516. 484. 520. 547. 458. 554. 523.
    484. 584. 477. 589. 541. 528. 547. 380. 428. 442. 421. 446. 483.
    383. 489. 312. 435. 373. 428. 376. 490. 313. 496. 245. 511. 306.
    505. 310. 568. 250. 573. 519. 414. 579. 407. 584. 469. 523. 476.
    450. 421. 511. 414. 515. 476. 454. 482. 244. 442. 304. 435. 306.
    497. 244. 503. 378. 360. 439. 354. 442. 414. 380. 420. 514. 346.
    574. 339. 579. 399. 518. 406. 446. 353. 506. 347. 511. 407. 450.
    413. 508. 279. 568. 272. 573. 332. 514. 339. 311. 368. 370. 361.
    373. 420. 311. 427. 442. 287. 501. 280. 506. 339. 446. 346. 308.
    302. 368. 295. 371. 354. 311. 360. 375. 295. 435. 288. 438. 347.
    378. 353. 244. 376. 303. 368. 304. 428. 244. 434. 243. 309. 301.
    302. 304. 361. 244. 367. 502. 214. 562. 207. 567. 264. 508. 272.
    437. 222. 495. 214. 500. 273. 441. 280. 305. 237. 364. 230. 368.
    288. 308. 294. 371. 230. 430. 223. 434. 281. 375. 287. 497. 149.
    557. 144. 561. 200. 502. 206. 432. 157. 490. 150. 495. 206. 436.
    214. 367. 166. 425. 158. 429. 215. 370. 222. 304. 174. 359. 166.
    363. 223. 305. 230. 242. 247. 298. 238. 301. 294. 243. 302. 243.
    184. 296. 175. 298. 230. 244. 239.</_>
  <_>
    926. 552. 992. 549. 997. 615. 930. 615. 996. 477. 1063. 476. 1067.
    540. 1001. 542. 1000. 549. 1066. 548. 1069. 613. 1006. 615. 992.
    406. 1057. 404. 1062. 468. 995. 469. 924. 479. 988. 478. 992. 541.
    926. 543. 989. 335. 1054. 333. 1057. 396. 991. 398. 709. 416. 772.
    413. 775. 478. 711. 480. 713. 557. 777. 556. 779. 619. 715. 622.
    856. 553. 919. 551. 922. 616. 858. 617. 986. 265. 1051. 262. 1053.
    325. 989. 328. 984. 194. 1048. 192. 1051. 254. 986. 257. 914. 268.
    979. 265. 981. 328. 917. 330. 912. 197. 976. 194. 978. 257. 914.
    260. 910. 126. 974. 123. 976. 186. 912. 189. 780. 413. 843. 411.
    846. 475. 783. 477. 838. 129. 902. 126. 904. 189. 841. 192. 783.
    485. 846. 482. 848. 546. 785. 548. 785. 556. 848. 554. 850. 617.
    786. 619. 846. 341. 910. 338. 913. 401. 850. 403. 705. 346. 768.
    343. 772. 406. 708. 408. 921. 409. 983. 406. 987. 470. 924. 472.
    843. 270. 907. 268. 909. 330. 846. 333. 854. 482. 916. 480. 919.
    543. 856. 546. 711. 488. 775. 485. 777. 548. 713. 549. 770. 202.
    833. 200. 835. 263. 772. 265. 776. 343. 838. 340. 843. 403. 780.
    406. 917. 338. 981. 336. 984. 398. 922. 401. 699. 206. 762. 202.
    765. 265. 702. 268. 702. 275. 765. 273. 768. 335. 705. 338. 773.
    272. 835. 270. 838. 333. 775. 335. 841. 200. 904. 197. 906. 260.
    843. 262. 851. 411. 914. 409. 916. 472. 854. 474. 767. 133. 830.
    129. 833. 192. 770. 194. 982. 123. 1043. 122. 1047. 184. 984. 186.
    696. 138. 759. 133. 762. 195. 699. 198.</_>
  <_>
    355. 417. 430. 412. 433. 485. 358. 490. 438. 412. 512. 407. 516.
    479. 442. 485. 348. 255. 422. 251. 426. 323. 352. 327. 582. 80. 655.
    74. 659. 148. 587. 152. 425. 169. 498. 166. 503. 238. 430. 242. 366.
    577. 439. 573. 443. 645. 370. 650. 353. 336. 426. 331. 429. 403.
    355. 408. 691. 558. 763. 555. 767. 628. 695. 632. 610. 562. 682.
    558. 686. 632. 614. 635. 501. 84. 574. 80. 578. 153. 507. 157. 442.
    493. 516. 488. 520. 560. 447. 564. 686. 477. 758. 473. 763. 546.
    690. 549. 447. 573. 521. 568. 524. 640. 451. 644. 529. 568. 602.
    562. 606. 634. 533. 639. 430. 250. 503. 246. 508. 317. 435. 322.
    435. 331. 508. 327. 511. 398. 438. 403. 606. 481. 678. 477. 682.
    550. 610. 553. 525. 488. 598. 482. 602. 553. 529. 559. 344. 176.
    416. 170. 421. 242. 347. 246. 507. 165. 578. 161. 583. 234. 512.
    238. 516. 327. 589. 322. 593. 393. 520. 398. 521. 406. 593. 402.
    597. 473. 524. 478. 668. 156. 740. 152. 744. 224. 672. 228. 359.
    499. 433. 493. 439. 564. 366. 568. 587. 162. 659. 156. 664. 228.
    592. 233. 421. 90. 492. 84. 497. 157. 425. 161. 663. 75. 735. 72.
    740. 143. 668. 147. 512. 246. 584. 242. 588. 313. 516. 318. 682.
    397. 754. 393. 758. 465. 686. 468. 592. 242. 664. 237. 668. 309.
    597. 313. 673. 237. 744. 232. 748. 304. 677. 308. 602. 401. 673.
    397. 677. 468. 606. 473. 677. 318. 749. 313. 753. 384. 681. 388.
    597. 322. 668. 317. 673. 388. 602. 393. 342. 96. 412. 90. 416. 161.
    344. 166.</_>
  <_>
    466. 567. 538. 563. 542. 639. 468. 643. 212. 417. 286. 412. 289.
    486. 214. 491. 214. 499. 290. 494. 294. 567. 221. 572. 299. 494.
    374. 489. 378. 561. 303. 567. 303. 576. 378. 570. 380. 645. 308.
    649. 295. 412. 369. 407. 373. 480. 298. 485. 130. 422. 202. 417.
    205. 490. 131. 496. 464. 483. 535. 480. 538. 555. 466. 558. 378.
    407. 452. 402. 455. 474. 382. 480. 221. 580. 295. 576. 299. 648.
    226. 653. 293. 331. 366. 326. 369. 398. 294. 403. 386. 571. 458.
    567. 460. 642. 389. 645. 383. 488. 456. 484. 458. 558. 386. 561.
    439. 77. 513. 74. 517. 145. 444. 150. 211. 337. 284. 331. 286. 403.
    211. 408. 141. 584. 213. 580. 217. 653. 144. 656. 202. 176. 275.
    170. 280. 242. 207. 247. 450. 240. 522. 235. 527. 308. 455. 312.
    284. 169. 356. 165. 361. 237. 289. 242. 445. 158. 517. 154. 522.
    226. 450. 231. 127. 261. 199. 256. 203. 328. 130. 333. 207. 256.
