<?xml version="1.0"?>
<opencv_storage>
<frame_width>1280</frame_width>
<frame_height>720</frame_height>
<aspect_ratio>1.</aspect_ratio>
<camera_matrix type_id="opencv-matrix">
  <rows>3</rows>
  <cols>3</cols>
  <dt>d</dt>
  <data>
    3.4298855635207968e+02 0. 6.3949999996986173e+02 0.
    3.4298855635207968e+02 3.5950000004269111e+02 0. 0. 1.</data></camera_matrix>
<dist_coeffs type_id="opencv-matrix">
  <rows>5</rows>
  <cols>1</cols>
  <dt>d</dt>
  <data>
    -1.4259583499494634e-02 4.2795036225584049e-05
    1.2897985764854128e-03 -2.7599946355543179e-03
    -3.2128810230099334e-08</data></dist_coeffs>
<reprojection_error>3.8515418219801597e+02</reprojection_error>
<point_set>
  0. 0. 0. 100. 0. 0. 100. 100. 0. 0. 100. 0. 110. 0. 0. 210. 0. 0. 210.
  100. 0. 110. 100. 0. 220. 0. 0. 320. 0. 0. 320. 100. 0. 220. 100. 0.
  330. 0. 0. 430. 0. 0. 430. 100. 0. 330. 100. 0. 440. 0. 0. 540. 0. 0.
  540. 100. 0. 440. 100. 0. 0. 110. 0. 100. 110. 0. 100. 210. 0. 0. 210.
  0. 110. 110. 0. 210. 110. 0. 210. 210. 0. 110. 210. 0. 220. 110. 0.
  320. 110. 0. 320. 210. 0. 220. 210. 0. 330. 110. 0. 430. 110. 0. 430.
  210. 0. 330. 210. 0. 440. 110. 0. 540. 110. 0. 540. 210. 0. 440. 210.
  0. 0. 220. 0. 100. 220. 0. 100. 320. 0. 0. 320. 0. 110. 220. 0. 210.
  220. 0. 210. 320. 0. 110. 320. 0. 220. 220. 0. 320. 220. 0. 320. 320.
  0. 220. 320. 0. 330. 220. 0. 430. 220. 0. 430. 320. 0. 330. 320. 0.
  440. 220. 0. 540. 220. 0. 540. 320. 0. 440. 320. 0. 0. 330. 0. 100.
  330. 0. 100. 430. 0. 0. 430. 0. 110. 330. 0. 210. 330. 0. 210. 430. 0.
  110. 430. 0. 220. 330. 0. 320. 330. 0. 320. 430. 0. 220. 430. 0. 330.
  330. 0. 430. 330. 0. 430. 430. 0. 330. 430. 0. 440. 330. 0. 540. 330.
  0. 540. 430. 0. 440. 430. 0. 0. 440. 0. 100. 440. 0. 100. 540. 0. 0.
  540. 0. 110. 440. 0. 210. 440. 0. 210. 540. 0. 110. 540. 0. 220. 440.
  0. 320. 440. 0. 320. 540. 0. 220. 540. 0. 330. 440. 0. 430. 440. 0.
  430. 540. 0. 330. 540. 0. 440. 440. 0. 540. 440. 0. 540. 540. 0. 440.
  540. 0. 0. 550. 0. 100. 550. 0. 100. 650. 0. 0. 650. 0. 110. 550. 0.
  210. 550. 0. 210. 650. 0. 110. 650. 0. 220. 550. 0. 320. 550. 0. 320.
  650. 0. 220. 650. 0. 330. 550. 0. 430. 550. 0. 430. 650. 0. 330. 650.
  0. 440. 550. 0. 540. 550. 0. 540. 650. 0. 440. 650. 0. 0. 660. 0. 100.
  660. 0. 100. 760. 0. 0. 760. 0. 110. 660. 0. 210. 660. 0. 210. 760. 0.
  110. 760. 0. 220. 660. 0. 320. 660. 0. 320. 760. 0. 220. 760. 0. 330.
  660. 0. 430. 660. 0. 430. 760. 0. 330. 760. 0. 440. 660. 0. 540. 660.
  0. 540. 760. 0. 440. 760. 0.</point_set>
<corner_list>
  <_>
    458. 540. 519. 533. 527. 594. 465. 602. 402. 128. 464. 120. 472.
    180. 411. 189. 431. 334. 492. 326. 500. 387. 439. 395. 412. 197.
    473. 188. 481. 249. 421. 258. 354. 275. 414. 266. 422. 328. 362.
    336. 363. 343. 423. 335. 432. 396. 371. 404. 450. 471. 510. 463.
    518. 525. 458. 532. 422. 266. 482. 257. 491. 318. 430. 326. 440.
    403. 501. 395. 509. 456. 449. 463. 372. 412. 433. 404. 441. 465.
    381. 472. 287. 284. 347. 276. 354. 337. 294. 345. 345. 208. 405.
    198. 414. 259. 353. 267. 295. 353. 355. 344. 363. 405. 303. 413.
    304. 421. 365. 413. 373. 473. 313. 481. 382. 480. 443. 472. 450.
    533. 391. 540. 314. 489. 375. 481. 383. 541. 324. 549. 391. 549.
    451. 540. 458. 602. 400. 609. 337. 139. 395. 129. 404. 190. 344.
    199. 325. 556. 384. 548. 392. 609. 333. 616. 279. 217. 338. 208.
    346. 268. 287. 277. 229. 362. 288. 353. 296. 414. 238. 422. 222.
    294. 280. 285. 287. 346. 229. 354. 271. 150. 329. 140. 337. 200.
    278. 209. 239. 430. 297. 422. 306. 482. 249. 489. 215. 227. 272.
    218. 279. 278. 222. 287. 250. 496. 306. 489. 316. 549. 258. 556.
    173. 438. 232. 430. 242. 490. 186. 496. 259. 564. 317. 557. 326.
    616. 269. 622. 167. 371. 222. 363. 230. 423. 173. 431. 197. 570.
    253. 564. 262. 623. 205. 629. 187. 504. 243. 497. 251. 557. 196.
    563. 209. 161. 264. 151. 271. 210. 214. 219. 160. 304. 215. 295.
    221. 355. 166. 363. 153. 239. 208. 228. 214. 288. 159. 296. 148.
    173. 201. 162. 207. 221. 153. 230.</_>
  <_>
    872. 555. 933. 553. 938. 616. 876. 618. 735. 560. 796. 558. 798.
    621. 737. 623. 665. 563. 727. 561. 729. 623. 667. 625. 732. 492.
    794. 489. 796. 551. 734. 553. 937. 484. 998. 482. 1002. 544. 941.
    546. 663. 494. 724. 491. 727. 553. 665. 555. 731. 423. 792. 420.
    794. 482. 732. 484. 804. 558. 865. 556. 867. 618. 806. 620. 659.
    357. 721. 354. 723. 415. 662. 418. 799. 420. 860. 418. 862. 479.
    801. 482. 662. 425. 723. 423. 725. 484. 663. 486. 941. 553. 1002.
    552. 1004. 613. 945. 616. 870. 486. 929. 484. 933. 546. 872. 548.
    728. 354. 789. 352. 792. 412. 730. 415. 796. 352. 857. 350. 860.
    411. 800. 413. 802. 489. 862. 487. 864. 548. 804. 551. 867. 419.
    928. 416. 930. 477. 869. 479. 935. 416. 995. 414. 998. 475. 938.
    477. 656. 290. 716. 286. 720. 347. 659. 349. 864. 350. 924. 348.
    928. 408. 867. 410. 725. 286. 785. 284. 789. 344. 728. 346. 793.
    284. 853. 282. 856. 343. 796. 344. 789. 218. 850. 216. 853. 275.
    793. 277. 654. 223. 714. 220. 717. 279. 656. 282. 932. 348. 991.
    346. 994. 407. 935. 408. 722. 220. 782. 218. 785. 277. 724. 279.
    861. 282. 920. 281. 924. 340. 864. 342. 928. 280. 987. 279. 991.
    338. 931. 340. 857. 216. 917. 214. 920. 273. 860. 275. 854. 149.
    914. 147. 916. 207. 857. 208. 924. 214. 983. 212. 987. 271. 927.
    273. 719. 155. 779. 152. 782. 210. 722. 213. 786. 152. 846. 150.
    849. 208. 789. 210. 651. 159. 710. 155. 714. 213. 654. 216. 922.
    147. 978. 147. 983. 205. 924. 206.</_>
  <_>
    653. 74. 724. 69. 730. 141. 658. 147. 658. 156. 730. 149. 735. 221.
    664. 227. 664. 236. 736. 230. 741. 301. 669. 307. 670. 315. 741.
    310. 746. 381. 674. 386. 574. 83. 644. 75. 649. 148. 579. 154. 579.
    163. 650. 156. 655. 228. 584. 233. 584. 242. 656. 236. 660. 307.
    589. 312. 686. 551. 757. 549. 762. 619. 691. 623. 675. 395. 747.
    390. 752. 460. 680. 464. 590. 321. 661. 316. 666. 387. 595. 391.
    681. 473. 752. 469. 757. 540. 686. 543. 506. 248. 576. 242. 581.
    313. 511. 318. 512. 326. 582. 322. 587. 392. 517. 397. 496. 91. 565.
    84. 570. 155. 500. 161. 596. 400. 666. 395. 672. 465. 601. 469. 608.
    555. 678. 552. 682. 623. 613. 625. 501. 170. 570. 163. 576. 233.
    506. 240. 602. 477. 672. 473. 677. 543. 607. 546. 517. 406. 587.
    400. 593. 470. 524. 475. 434. 332. 503. 327. 508. 398. 440. 402.
    429. 255. 498. 249. 503. 318. 433. 324. 424. 177. 492. 170. 497.
    241. 429. 246. 530. 559. 599. 555. 604. 625. 536. 628. 420. 99. 488.
    92. 492. 162. 424. 168. 524. 483. 593. 478. 599. 547. 530. 551. 440.
    411. 509. 406. 515. 475. 447. 479. 360. 338. 426. 333. 431. 403.
    363. 408. 447. 488. 515. 483. 521. 552. 453. 555. 355. 261. 421.
    255. 425. 325. 359. 330. 454. 563. 522. 560. 528. 628. 460. 630.
    363. 416. 432. 411. 439. 479. 373. 483. 350. 185. 416. 177. 420.
    247. 354. 253. 373. 491. 440. 487. 445. 555. 379. 558. 347. 108.
    412. 101. 416. 169. 350. 176. 380. 566. 446. 563. 452. 631. 386.
    633.</_>
  <_>
    556. 246. 614. 214. 645. 271. 588. 303. 620. 210. 678. 178. 709.
    235. 652. 267. 748. 138. 806. 106. 835. 164. 779. 196. 684. 174.
    742. 142. 772. 200. 716. 231. 592. 310. 649. 278. 680. 335. 624.
    367. 628. 373. 684. 341. 716. 398. 659. 430. 656. 274. 713. 242.
    744. 299. 687. 330. 720. 238. 776. 206. 806. 264. 751. 295. 663.
    436. 720. 405. 750. 461. 695. 493. 692. 337. 748. 306. 779. 362.
    723. 394. 783. 202. 838. 171. 868. 228. 813. 259. 755. 302. 810.
    270. 840. 327. 785. 358. 727. 400. 783. 369. 812. 424. 757. 456.
    845. 168. 900. 137. 928. 194. 874. 225. 813. 101. 866. 73. 896. 130.
    841. 160. 817. 266. 871. 235. 901. 291. 847. 322. 790. 364. 844.
    333. 872. 389. 818. 420. 878. 231. 933. 201. 960. 257. 907. 287.
    851. 329. 904. 298. 932. 353. 878. 384. 761. 463. 815. 431. 842.
    484. 787. 515. 911. 294. 964. 264. 990. 319. 938. 349. 728. 556.
