<?xml version="1.0"?>
<opencv_storage>
<cameraMatrix type_id="opencv-matrix">
  <rows>3</rows>
  <cols>3</cols>
  <dt>d</dt>
  <data>
    9.2039504212699953e+01 0. 6.2893900861539282e+02 0.
    9.2039504212699953e+01 3.6636448940420161e+02 0. 0. 1.</data></cameraMatrix>
<distCoeffs type_id="opencv-matrix">
  <rows>5</rows>
  <cols>1</cols>
  <dt>d</dt>
  <data>
    -8.8554168641355943e-03 5.4651254972353021e-05
    4.0986590978390894e-03 -3.1548273087713737e-03
    -5.7702807844600746e-07</data></distCoeffs>
</opencv_storage>
