<?xml version="1.0"?>
<opencv_storage>
<point_set>
  0. 0. 0. 100. 0. 0. 100. 100. 0. 0. 100. 0. 110. 0. 0. 210. 0. 0. 210.
  100. 0. 110. 100. 0. 220. 0. 0. 320. 0. 0. 320. 100. 0. 220. 100. 0.
  330. 0. 0. 430. 0. 0. 430. 100. 0. 330. 100. 0. 440. 0. 0. 540. 0. 0.
  540. 100. 0. 440. 100. 0. 0. 110. 0. 100. 110. 0. 100. 210. 0. 0. 210.
  0. 110. 110. 0. 210. 110. 0. 210. 210. 0. 110. 210. 0. 220. 110. 0.
  320. 110. 0. 320. 210. 0. 220. 210. 0. 330. 110. 0. 430. 110. 0. 430.
  210. 0. 330. 210. 0. 440. 110. 0. 540. 110. 0. 540. 210. 0. 440. 210.
  0. 0. 220. 0. 100. 220. 0. 100. 320. 0. 0. 320. 0. 110. 220. 0. 210.
  220. 0. 210. 320. 0. 110. 320. 0. 220. 220. 0. 320. 220. 0. 320. 320.
  0. 220. 320. 0. 330. 220. 0. 430. 220. 0. 430. 320. 0. 330. 320. 0.
  440. 220. 0. 540. 220. 0. 540. 320. 0. 440. 320. 0. 0. 330. 0. 100.
  330. 0. 100. 430. 0. 0. 430. 0. 110. 330. 0. 210. 330. 0. 210. 430. 0.
  110. 430. 0. 220. 330. 0. 320. 330. 0. 320. 430. 0. 220. 430. 0. 330.
  330. 0. 430. 330. 0. 430. 430. 0. 330. 430. 0. 440. 330. 0. 540. 330.
  0. 540. 430. 0. 440. 430. 0. 0. 440. 0. 100. 440. 0. 100. 540. 0. 0.
  540. 0. 110. 440. 0. 210. 440. 0. 210. 540. 0. 110. 540. 0. 220. 440.
  0. 320. 440. 0. 320. 540. 0. 220. 540. 0. 330. 440. 0. 430. 440. 0.
  430. 540. 0. 330. 540. 0. 440. 440. 0. 540. 440. 0. 540. 540. 0. 440.
  540. 0. 0. 550. 0. 100. 550. 0. 100. 650. 0. 0. 650. 0. 110. 550. 0.
  210. 550. 0. 210. 650. 0. 110. 650. 0. 220. 550. 0. 320. 550. 0. 320.
  650. 0. 220. 650. 0. 330. 550. 0. 430. 550. 0. 430. 650. 0. 330. 650.
  0. 440. 550. 0. 540. 550. 0. 540. 650. 0. 440. 650. 0. 0. 660. 0. 100.
  660. 0. 100. 760. 0. 0. 760. 0. 110. 660. 0. 210. 660. 0. 210. 760. 0.
  110. 760. 0. 220. 660. 0. 320. 660. 0. 320. 760. 0. 220. 760. 0. 330.
  660. 0. 430. 660. 0. 430. 760. 0. 330. 760. 0. 440. 660. 0. 540. 660.
  0. 540. 760. 0. 440. 760. 0.</point_set>
<corner_list>
  <_>
    454. 204. 383. 203. 381. 133. 453. 134. 456. 282. 384. 281. 383.
    212. 454. 213. 533. 206. 463. 205. 463. 134. 532. 137. 457. 357.
    386. 359. 384. 291. 456. 290. 457. 434. 387. 435. 386. 367. 456.
    367. 532. 283. 464. 282. 463. 213. 533. 216. 608. 208. 541. 207.
    540. 138. 608. 140. 456. 509. 387. 509. 388. 443. 457. 442. 457.
    582. 388. 585. 388. 519. 458. 517. 533. 357. 465. 358. 464. 290.
    532. 291. 533. 432. 466. 434. 465. 367. 533. 366. 458. 654. 389.
    657. 389. 593. 458. 590. 607. 283. 541. 282. 541. 215. 608. 217.
    533. 504. 466. 508. 465. 442. 533. 440. 607. 357. 541. 357. 541.
    291. 608. 292. 533. 576. 466. 581. 466. 517. 533. 513. 680. 210.
    615. 208. 616. 141. 680. 145. 607. 429. 542. 432. 541. 366. 607.
    365. 532. 648. 467. 654. 466. 590. 533. 585. 606. 501. 541. 505.
    541. 440. 607. 438. 678. 284. 615. 283. 616. 216. 680. 219. 678.
    356. 615. 357. 616. 291. 679. 292. 605. 571. 541. 577. 542. 512.
    605. 509. 677. 427. 614. 430. 615. 365. 678. 364. 747. 212. 687.
    210. 687. 144. 747. 147. 747. 284. 686. 284. 687. 218. 747. 220.
    604. 641. 541. 647. 541. 585. 605. 580. 676. 497. 614. 501. 614.
    438. 676. 435. 746. 355. 685. 355. 686. 292. 747. 292. 674. 566.
    612. 571. 613. 510. 675. 505. 744. 426. 685. 428. 686. 364. 746.
    364. 672. 634. 612. 641. 612. 580. 673. 574. 742. 494. 684. 498.
    684. 436. 744. 433. 740. 561. 681. 566. 683. 505. 741. 501. 737.
    627. 680. 634. 681. 574. 739. 568.</_>
  <_>
    1017. 158. 938. 165. 938. 90. 1018. 80. 1018. 244. 940. 249. 938.
    174. 1017. 168. 1016. 330. 940. 330. 939. 257. 1017. 254. 1018. 412.
    942. 410. 940. 339. 1016. 338. 929. 166. 857. 172. 856. 100. 929.
    91. 1020. 492. 944. 487. 942. 418. 1017. 421. 931. 248. 859. 252.
    857. 182. 929. 175. 1021. 570. 945. 562. 944. 495. 1018. 501. 931.
    330. 861. 330. 859. 260. 929. 257. 1021. 646. 948. 635. 947. 570.
    1021. 580. 933. 409. 863. 406. 860. 339. 931. 338. 934. 486. 865.
    480. 863. 413. 933. 418. 849. 172. 784. 179. 782. 110. 847. 101.
    937. 561. 868. 552. 866. 488. 935. 494. 851. 252. 787. 255. 784.
    188. 848. 181. 939. 634. 871. 622. 870. 560. 938. 570. 852. 329.
    789. 329. 787. 263. 851. 261. 854. 406. 791. 402. 789. 337. 853.
    338. 857. 479. 794. 473. 792. 410. 855. 414. 860. 552. 797. 544.
    794. 482. 858. 488. 777. 179. 718. 185. 716. 119. 774. 111. 862.
    623. 800. 612. 797. 552. 861. 561. 779. 255. 721. 258. 719. 192.
    776. 188. 782. 329. 724. 329. 721. 266. 779. 263. 784. 402. 726.
    398. 724. 337. 782. 338. 786. 473. 729. 467. 727. 406. 784. 410.
    790. 543. 733. 535. 730. 475. 787. 481. 792. 611. 736. 600. 733.
    543. 790. 551. 711. 186. 661. 190. 657. 128. 709. 120. 714. 258.
    664. 260. 661. 199. 711. 193. 717. 328. 666. 328. 663. 268. 713.
    265. 722. 467. 671. 460. 669. 402. 720. 406. 720. 398. 669. 394.
    667. 335. 716. 336. 726. 534. 675. 525. 672. 468. 723. 475. 729.
    600. 680. 589. 675. 533. 726. 541.</_>
  <_>
    128. 219. 57. 221. 50. 154. 122. 153. 135. 291. 63. 293. 57. 229.
    130. 227. 142. 362. 70. 366. 64. 302. 136. 299. 208. 217. 137. 218.
    131. 154. 202. 154. 147. 432. 76. 437. 71. 374. 143. 371. 214. 288.
    144. 290. 138. 227. 209. 226. 154. 501. 85. 508. 78. 446. 150. 441.
    220. 356. 151. 362. 144. 300. 214. 296. 162. 567. 92. 576. 84. 516.
    155. 508. 225. 425. 157. 432. 150. 370. 220. 365. 283. 216. 216.
    217. 210. 155. 277. 154. 288. 285. 222. 288. 216. 226. 283. 224.
    231. 491. 164. 500. 158. 439. 226. 433. 168. 632. 100. 642. 93. 584.
    162. 575. 294. 351. 228. 357. 223. 295. 289. 293. 236. 557. 170.
    567. 164. 508. 231. 499. 299. 418. 233. 424. 228. 365. 294. 360.
    241. 622. 176. 632. 170. 575. 236. 564. 355. 215. 291. 216. 286.
    156. 349. 155. 303. 483. 239. 491. 234. 432. 299. 426. 359. 282.
    297. 285. 292. 224. 355. 223. 363. 348. 301. 352. 297. 292. 360.
    290. 308. 545. 244. 556. 239. 499. 303. 490. 311. 609. 249. 620.
    245. 564. 309. 554. 368. 411. 306. 418. 302. 359. 363. 355. 372.
    474. 310. 482. 307. 425. 368. 419. 421. 214. 362. 215. 357. 156.
    416. 157. 425. 279. 366. 281. 362. 223. 422. 222. 375. 535. 315.
    545. 311. 489. 372. 482. 429. 342. 371. 347. 367. 290. 426. 287.
    433. 405. 375. 411. 371. 355. 430. 350. 378. 595. 320. 607. 315.
    553. 374. 543. 436. 465. 379. 474. 375. 418. 432. 412. 438. 526.
    382. 535. 379. 481. 435. 473. 441. 583. 385. 595. 382. 543. 438.
    533.</_>
  <_>
    758. 568. 747. 512. 803. 502. 814. 559. 822. 557. 810. 501. 866.
    491. 878. 547. 810. 494. 798. 437. 854. 428. 865. 483. 746. 505.
    735. 449. 790. 439. 802. 495. 696. 579. 685. 523. 740. 513. 751.
    569. 796. 430. 785. 376. 841. 365. 852. 420. 684. 516. 673. 460.
    728. 450. 739. 505. 734. 442. 723. 387. 778. 376. 789. 432. 633.
    589. 623. 534. 678. 524. 688. 580. 622. 527. 612. 471. 666. 461.
    676. 518. 672. 453. 662. 398. 716. 388. 726. 444. 784. 368. 773.
    314. 828. 304. 839. 358. 722. 380. 711. 326. 766. 316. 777. 369.
    660. 392. 650. 338. 704. 327. 715. 381. 573. 599. 563. 544. 616.
    535. 627. 590. 550. 476. 541. 421. 594. 411. 604. 466. 561. 537.
    551. 483. 605. 473. 615. 528. 610. 464. 601. 410. 655. 400. 665.
    454. 514. 610. 503. 555. 556. 546. 566. 601. 502. 548. 492. 494.
    545. 484. 555. 538. 600. 403. 590. 349. 643. 339. 653. 393. 540.
    415. 530. 361. 583. 351. 593. 404. 771. 307. 760. 257. 814. 245.
    826. 298. 480. 426. 471. 372. 523. 362. 533. 416. 491. 487. 481.
    433. 534. 423. 543. 477. 454. 619. 444. 565. 496. 556. 506. 611.
    431. 497. 422. 444. 474. 434. 484. 488. 443. 558. 433. 504. 485.
    495. 495. 549. 588. 342. 580. 290. 633. 280. 642. 333. 710. 319.
    700. 267. 754. 258. 764. 309. 649. 331. 640. 279. 693. 269. 703.
    321. 529. 354. 521. 301. 573. 291. 582. 344. 421. 437. 412. 383.
    464. 374. 473. 427. 471. 366. 462. 313. 514. 303. 522. 356. 411.
    377. 404. 325. 455. 314. 463. 367.</_>
  <_>
    1088. 424. 1087. 348. 1173. 348. 1173. 427. 1088. 339. 1090. 263.
