<?xml version="1.0"?>
<opencv_storage>
<frame_width>1280</frame_width>
<frame_height>720</frame_height>
<aspect_ratio>1.</aspect_ratio>
<camera_matrix type_id="opencv-matrix">
  <rows>3</rows>
  <cols>3</cols>
  <dt>d</dt>
  <data>
    3.4611410170697191e+01 0. 2.7949999999932453e+02 0.
    3.4611410170697191e+01 3.8949999999998835e+02 0. 0. 1.</data></camera_matrix>
<dist_coeffs type_id="opencv-matrix">
  <rows>5</rows>
  <cols>1</cols>
  <dt>d</dt>
  <data>
    -1.8687374992970541e-04 -3.8478304669547590e-07
    -1.2140586100227968e-06 -2.9479787289785634e-05
    9.7816595950195214e-11</data></dist_coeffs>
<reprojection_error>2.7651023504225378e+02</reprojection_error>
<point_set>
  0. 0. 0. 100. 0. 0. 100. 100. 0. 0. 100. 0. 110. 0. 0. 210. 0. 0. 210.
  100. 0. 110. 100. 0. 220. 0. 0. 320. 0. 0. 320. 100. 0. 220. 100. 0.
  330. 0. 0. 430. 0. 0. 430. 100. 0. 330. 100. 0. 440. 0. 0. 540. 0. 0.
  540. 100. 0. 440. 100. 0. 0. 110. 0. 100. 110. 0. 100. 210. 0. 0. 210.
  0. 110. 110. 0. 210. 110. 0. 210. 210. 0. 110. 210. 0. 220. 110. 0.
  320. 110. 0. 320. 210. 0. 220. 210. 0. 330. 110. 0. 430. 110. 0. 430.
  210. 0. 330. 210. 0. 440. 110. 0. 540. 110. 0. 540. 210. 0. 440. 210.
  0. 0. 220. 0. 100. 220. 0. 100. 320. 0. 0. 320. 0. 110. 220. 0. 210.
  220. 0. 210. 320. 0. 110. 320. 0. 220. 220. 0. 320. 220. 0. 320. 320.
  0. 220. 320. 0. 330. 220. 0. 430. 220. 0. 430. 320. 0. 330. 320. 0.
  440. 220. 0. 540. 220. 0. 540. 320. 0. 440. 320. 0. 0. 330. 0. 100.
  330. 0. 100. 430. 0. 0. 430. 0. 110. 330. 0. 210. 330. 0. 210. 430. 0.
  110. 430. 0. 220. 330. 0. 320. 330. 0. 320. 430. 0. 220. 430. 0. 330.
  330. 0. 430. 330. 0. 430. 430. 0. 330. 430. 0. 440. 330. 0. 540. 330.
  0. 540. 430. 0. 440. 430. 0. 0. 440. 0. 100. 440. 0. 100. 540. 0. 0.
  540. 0. 110. 440. 0. 210. 440. 0. 210. 540. 0. 110. 540. 0. 220. 440.
  0. 320. 440. 0. 320. 540. 0. 220. 540. 0. 330. 440. 0. 430. 440. 0.
  430. 540. 0. 330. 540. 0. 440. 440. 0. 540. 440. 0. 540. 540. 0. 440.
  540. 0. 0. 550. 0. 100. 550. 0. 100. 650. 0. 0. 650. 0. 110. 550. 0.
  210. 550. 0. 210. 650. 0. 110. 650. 0. 220. 550. 0. 320. 550. 0. 320.
  650. 0. 220. 650. 0. 330. 550. 0. 430. 550. 0. 430. 650. 0. 330. 650.
  0. 440. 550. 0. 540. 550. 0. 540. 650. 0. 440. 650. 0. 0. 660. 0. 100.
  660. 0. 100. 760. 0. 0. 760. 0. 110. 660. 0. 210. 660. 0. 210. 760. 0.
  110. 760. 0. 220. 660. 0. 320. 660. 0. 320. 760. 0. 220. 760. 0. 330.
  660. 0. 430. 660. 0. 430. 760. 0. 330. 760. 0. 440. 660. 0. 540. 660.
  0. 540. 760. 0. 440. 760. 0.</point_set>
<corner_list>
  <_>
    296. 118. 365. 117. 369. 186. 301. 187. 219. 119. 288. 118. 292.
    187. 223. 187. 374. 118. 443. 118. 446. 186. 377. 186. 223. 196.
    292. 195. 296. 262. 227. 263. 377. 195. 446. 195. 449. 261. 380.
    262. 451. 119. 519. 119. 521. 187. 454. 187. 300. 196. 369. 195.
    373. 261. 305. 263. 304. 271. 372. 270. 376. 336. 308. 337. 228.
    271. 296. 271. 300. 337. 234. 338. 381. 270. 448. 269. 451. 334.
    384. 336. 454. 195. 521. 195. 523. 260. 457. 261. 528. 119. 593.
    120. 594. 187. 529. 186. 309. 345. 376. 344. 379. 408. 312. 410.
    529. 195. 594. 195. 596. 260. 531. 261. 384. 345. 451. 343. 453.
    407. 387. 408. 457. 270. 523. 269. 525. 333. 460. 335. 234. 346.
    300. 345. 305. 409. 240. 410. 459. 343. 525. 341. 527. 404. 462.
    407. 313. 418. 379. 416. 382. 479. 317. 481. 388. 416. 453. 414.
    456. 477. 390. 479. 531. 269. 596. 268. 597. 332. 533. 333. 390.
    487. 457. 486. 458. 547. 393. 549. 461. 415. 526. 412. 529. 474.
    464. 477. 533. 341. 596. 339. 598. 403. 535. 405. 317. 488. 383.
    487. 386. 548. 322. 550. 240. 418. 304. 417. 309. 480. 246. 480.
    464. 485. 528. 482. 530. 542. 466. 547. 534. 413. 598. 410. 599.
    471. 536. 474. 321. 558. 385. 556. 390. 614. 326. 618. 246. 488.
    309. 488. 313. 550. 253. 549. 536. 482. 599. 479. 599. 537. 537.
    542. 394. 556. 458. 555. 461. 612. 397. 614. 252. 557. 313. 557.
    318. 616. 258. 615. 466. 554. 530. 550. 530. 604. 468. 610. 537.
    549. 599. 544. 598. 599. 537. 604.</_>
  <_>
    279. 293. 297. 340. 247. 355. 229. 309. 300. 346. 316. 392. 266.
    408. 249. 362. 336. 277. 352. 323. 304. 338. 287. 291. 354. 329.
    371. 374. 323. 390. 306. 344. 319. 399. 334. 444. 286. 459. 269.
    414. 390. 262. 405. 307. 359. 321. 343. 275. 372. 381. 388. 425.
    341. 441. 325. 397. 337. 450. 352. 494. 305. 509. 289. 465. 408.
    313. 423. 357. 376. 372. 361. 327. 390. 431. 405. 476. 358. 491.
    343. 448. 355. 500. 370. 542. 323. 559. 308. 514. 426. 364. 440.
    408. 394. 423. 379. 379. 442. 247. 456. 292. 412. 305. 396. 260.
    408. 481. 422. 524. 376. 540. 361. 498. 442. 413. 456. 457. 412.
    473. 397. 429. 458. 297. 473. 341. 429. 355. 414. 311. 459. 462.
    472. 505. 428. 521. 414. 479. 476. 347. 489. 390. 446. 405. 432.
    361. 491. 232. 505. 276. 463. 289. 448. 244. 492. 396. 505. 439.
    462. 454. 448. 411. 508. 282. 522. 325. 479. 339. 465. 295. 507.
    444. 521. 486. 478. 502. 465. 460. 524. 331. 537. 374. 495. 387.
    481. 346. 539. 219. 552. 262. 512. 274. 497. 230. 539. 379. 552.
    421. 511. 436. 497. 394. 554. 267. 568. 310. 528. 323. 513. 280.
    554. 427. 567. 468. 526. 483. 513. 442. 570. 316. 583. 357. 543.
    371. 529. 330. 584. 206. 597. 248. 558. 260. 545. 216. 585. 363.
    597. 404. 558. 419. 545. 377. 599. 253. 613. 294. 573. 307. 560.
    266. 599. 410. 611. 450. 573. 466. 560. 424. 615. 301. 627. 342.
    588. 355. 576. 313. 629. 348. 641. 388. 603. 402. 591. 361. 642.
    393. 654. 432. 617. 448. 605. 407.</_>
  <_>
    294. 292. 310. 340. 261. 354. 243. 306. 312. 346. 328. 393. 278.
    407. 262. 360. 351. 277. 366. 324. 317. 338. 302. 290. 369. 330.
    383. 376. 335. 390. 320. 343. 330. 399. 346. 444. 297. 459. 281.
    414. 405. 263. 420. 308. 372. 322. 357. 276. 385. 382. 399. 428.
    352. 442. 337. 397. 422. 315. 436. 360. 390. 374. 374. 328. 365.
    501. 379. 544. 331. 560. 317. 515. 348. 451. 362. 495. 315. 509.
    299. 466. 402. 434. 415. 478. 368. 493. 354. 449. 458. 248. 471.
    294. 426. 306. 411. 261. 438. 366. 452. 410. 406. 425. 392. 380.
    474. 300. 487. 344. 443. 358. 428. 312. 418. 484. 431. 527. 385.
    542. 371. 499. 453. 416. 467. 460. 422. 475. 408. 431. 470. 466.
    483. 508. 438. 525. 424. 482. 489. 350. 502. 394. 458. 408. 444.
    364. 508. 234. 521. 279. 477. 291. 464. 246. 505. 400. 517. 443.
    474. 458. 460. 414. 523. 285. 536. 329. 493. 342. 480. 297. 556.
    221. 569. 265. 527. 277. 514. 233. 519. 449. 531. 491. 488. 506.
    476. 463. 538. 335. 551. 378. 508. 391. 495. 349. 571. 271. 584.
    313. 542. 327. 529. 283. 553. 384. 565. 425. 522. 440. 510. 398.
    567. 432. 578. 474. 538. 489. 525. 446. 585. 320. 598. 362. 556.
    375. 544. 332. 599. 368. 611. 410. 570. 424. 558. 382. 603. 209.
    615. 251. 575. 263. 562. 220. 617. 258. 629. 300. 589. 312. 577.
    269. 632. 306. 643. 347. 603. 360. 591. 318. 613. 416. 624. 456.
    584. 471. 572. 430. 645. 353. 655. 394. 616. 408. 605. 366. 657.
    400. 667. 441. 629. 454. 618. 414.</_>
  <_>
    415. 310. 408. 357. 359. 351. 365. 302. 408. 364. 402. 411. 352.
    405. 357. 358. 402. 418. 396. 465. 346. 459. 352. 412. 457. 423.
    451. 470. 402. 466. 408. 418. 470. 316. 464. 363. 415. 357. 421.
    310. 463. 369. 457. 417. 409. 412. 415. 364. 389. 524. 383. 570.
    334. 565. 340. 518. 395. 472. 389. 518. 341. 512. 346. 466. 450.
    476. 444. 523. 396. 518. 402. 472. 523. 322. 518. 369. 470. 364.
    476. 317. 444. 530. 438. 575. 390. 571. 395. 525. 517. 376. 511.
    422. 464. 417. 470. 370. 511. 429. 504. 475. 458. 470. 464. 423.
    498. 533. 491. 579. 444. 575. 450. 530. 504. 481. 498. 527. 451.
    523. 457. 477. 576. 329. 570. 375. 524. 370. 530. 323. 570. 381.
    564. 427. 518. 423. 524. 376. 550. 537. 544. 582. 498. 579. 505.
    533. 563. 434. 557. 479. 512. 475. 517. 429. 627. 336. 621. 381.
    576. 376. 582. 330. 556. 485. 550. 530. 505. 527. 511. 481. 621.
