<?xml version="1.0"?>
<opencv_storage>
<cameraMatrix type_id="opencv-matrix">
  <rows>3</rows>
  <cols>3</cols>
  <dt>d</dt>
  <data>
    3.4611410170697191e+01 0. 2.7949999999932453e+02 0.
    3.4611410170697191e+01 3.8949999999998835e+02 0. 0. 1.</data></cameraMatrix>
<distCoeffs type_id="opencv-matrix">
  <rows>5</rows>
  <cols>1</cols>
  <dt>d</dt>
  <data>
    -1.8687374992970541e-04 -3.8478304669547590e-07
    -1.2140586100227968e-06 -2.9479787289785634e-05
    9.7816595950195214e-11</data></distCoeffs>
</opencv_storage>
