<?xml version="1.0"?>
<opencv_storage>
<point_set>
  0. 0. 0. 100. 0. 0. 100. 100. 0. 0. 100. 0. 110. 0. 0. 210. 0. 0. 210.
  100. 0. 110. 100. 0. 220. 0. 0. 320. 0. 0. 320. 100. 0. 220. 100. 0.
  330. 0. 0. 430. 0. 0. 430. 100. 0. 330. 100. 0. 440. 0. 0. 540. 0. 0.
  540. 100. 0. 440. 100. 0. 0. 110. 0. 100. 110. 0. 100. 210. 0. 0. 210.
  0. 110. 110. 0. 210. 110. 0. 210. 210. 0. 110. 210. 0. 220. 110. 0.
  320. 110. 0. 320. 210. 0. 220. 210. 0. 330. 110. 0. 430. 110. 0. 430.
  210. 0. 330. 210. 0. 440. 110. 0. 540. 110. 0. 540. 210. 0. 440. 210.
  0. 0. 220. 0. 100. 220. 0. 100. 320. 0. 0. 320. 0. 110. 220. 0. 210.
  220. 0. 210. 320. 0. 110. 320. 0. 220. 220. 0. 320. 220. 0. 320. 320.
  0. 220. 320. 0. 330. 220. 0. 430. 220. 0. 430. 320. 0. 330. 320. 0.
  440. 220. 0. 540. 220. 0. 540. 320. 0. 440. 320. 0. 0. 330. 0. 100.
  330. 0. 100. 430. 0. 0. 430. 0. 110. 330. 0. 210. 330. 0. 210. 430. 0.
  110. 430. 0. 220. 330. 0. 320. 330. 0. 320. 430. 0. 220. 430. 0. 330.
  330. 0. 430. 330. 0. 430. 430. 0. 330. 430. 0. 440. 330. 0. 540. 330.
  0. 540. 430. 0. 440. 430. 0. 0. 440. 0. 100. 440. 0. 100. 540. 0. 0.
  540. 0. 110. 440. 0. 210. 440. 0. 210. 540. 0. 110. 540. 0. 220. 440.
  0. 320. 440. 0. 320. 540. 0. 220. 540. 0. 330. 440. 0. 430. 440. 0.
  430. 540. 0. 330. 540. 0. 440. 440. 0. 540. 440. 0. 540. 540. 0. 440.
  540. 0. 0. 550. 0. 100. 550. 0. 100. 650. 0. 0. 650. 0. 110. 550. 0.
  210. 550. 0. 210. 650. 0. 110. 650. 0. 220. 550. 0. 320. 550. 0. 320.
  650. 0. 220. 650. 0. 330. 550. 0. 430. 550. 0. 430. 650. 0. 330. 650.
  0. 440. 550. 0. 540. 550. 0. 540. 650. 0. 440. 650. 0. 0. 660. 0. 100.
  660. 0. 100. 760. 0. 0. 760. 0. 110. 660. 0. 210. 660. 0. 210. 760. 0.
  110. 760. 0. 220. 660. 0. 320. 660. 0. 320. 760. 0. 220. 760. 0. 330.
  660. 0. 430. 660. 0. 430. 760. 0. 330. 760. 0. 440. 660. 0. 540. 660.
  0. 540. 760. 0. 440. 760. 0.</point_set>
<corner_list>
  <_>
    144. 196. 210. 191. 223. 255. 157. 262. 295. 183. 360. 178. 371.
    242. 305. 248. 219. 190. 285. 185. 297. 248. 232. 255. 369. 178.
    435. 171. 444. 235. 379. 241. 158. 271. 224. 264. 237. 327. 172.
    332. 307. 257. 372. 250. 382. 313. 318. 319. 233. 264. 298. 257.
    310. 319. 246. 326. 444. 170. 507. 164. 516. 227. 452. 234. 380.
    250. 444. 243. 453. 305. 391. 312. 454. 243. 517. 236. 524. 297.
    462. 304. 319. 327. 383. 321. 393. 380. 330. 387. 175. 340. 238.
    335. 251. 394. 188. 399. 247. 334. 311. 328. 322. 387. 260. 393.
    392. 320. 455. 313. 463. 372. 401. 379. 463. 312. 524. 305. 532.
    364. 471. 371. 331. 395. 394. 388. 403. 445. 341. 452. 262. 400.
    323. 395. 334. 452. 274. 458. 191. 407. 252. 401. 264. 459. 205.
    464. 402. 387. 464. 380. 471. 436. 411. 444. 206. 471. 266. 466.
    276. 523. 216. 528. 274. 465. 334. 460. 344. 516. 284. 522. 342.
    459. 405. 453. 412. 507. 352. 515. 472. 379. 533. 372. 539. 428.
    479. 435. 412. 452. 473. 444. 480. 499. 420. 506. 217. 536. 277.
    530. 288. 583. 228. 590. 481. 442. 539. 435. 546. 490. 488. 498.
    285. 530. 345. 523. 355. 576. 296. 583. 353. 522. 413. 514. 422.
    567. 364. 575. 422. 514. 481. 506. 488. 559. 430. 566. 489. 505.
    547. 497. 553. 550. 496. 558. 297. 590. 356. 582. 366. 633. 308.
    639. 229. 598. 290. 591. 300. 640. 243. 647. 364. 582. 423. 575.
    431. 626. 374. 632. 431. 573. 489. 566. 496. 616. 439. 624. 497.
    565. 554. 557. 560. 608. 504. 615.</_>
  <_>
    125. 193. 190. 187. 202. 250. 137. 256. 200. 186. 265. 181. 275.
    243. 211. 249. 138. 264. 204. 258. 216. 318. 151. 325. 274. 180.
    338. 174. 347. 236. 283. 242. 212. 258. 277. 252. 287. 311. 223.
    318. 347. 174. 409. 169. 418. 230. 356. 236. 286. 250. 348. 244.
    357. 305. 294. 311. 153. 333. 216. 327. 228. 384. 165. 392. 226.
    325. 288. 320. 298. 378. 236. 384. 296. 319. 358. 312. 367. 371.
    305. 377. 357. 244. 418. 238. 427. 297. 366. 304. 418. 169. 478.
    163. 487. 223. 426. 229. 166. 401. 229. 393. 240. 450. 179. 456.
    427. 237. 486. 231. 494. 290. 434. 296. 367. 312. 428. 305. 435.
    363. 375. 369. 238. 392. 298. 385. 308. 443. 247. 448. 307. 386.
    368. 378. 377. 434. 317. 442. 181. 464. 241. 457. 250. 513. 190.
    520. 376. 377. 436. 370. 444. 426. 385. 434. 436. 304. 495. 298.
    502. 355. 444. 362. 249. 457. 310. 450. 318. 505. 258. 512. 317.
    450. 378. 442. 386. 497. 326. 504. 191. 528. 252. 521. 261. 574.
    201. 582. 444. 369. 503. 362. 509. 417. 452. 425. 386. 441. 445.
    433. 452. 487. 393. 495. 259. 520. 319. 513. 328. 566. 269. 573.
    327. 512. 387. 504. 395. 556. 337. 565. 203. 590. 263. 582. 272.
    634. 213. 641. 394. 503. 453. 495. 459. 548. 402. 556. 453. 432.
    511. 425. 516. 478. 459. 486. 271. 581. 329. 573. 338. 624. 280.
    632. 460. 494. 517. 486. 523. 538. 468. 547. 338. 572. 395. 564.
    403. 615. 345. 623. 403. 564. 460. 554. 467. 605. 410. 614. 468.
    554. 524. 545. 530. 596. 475. 605.</_>
  <_>
    1170. 249. 1167. 335. 1076. 332. 1077. 250. 1165. 346. 1165. 432.
    1075. 425. 1075. 343. 1165. 444. 1161. 527. 1072. 513. 1074. 435.
    1162. 538. 1160. 617. 1073. 601. 1072. 525. 1160. 628. 1158. 704.
    1072. 684. 1072. 611. 1066. 252. 1065. 332. 983. 329. 985. 253.
    1065. 345. 1062. 424. 982. 417. 983. 341. 1063. 435. 1061. 513. 981.
    501. 982. 427. 1062. 524. 1061. 599. 982. 584. 981. 512. 1062. 610.
    1061. 682. 984. 663. 982. 594. 974. 254. 974. 331. 902. 329. 903.
    256. 973. 341. 971. 417. 901. 411. 902. 338. 972. 427. 972. 501.
    901. 492. 900. 420. 972. 511. 973. 583. 902. 570. 900. 499. 972.
    592. 974. 662. 904. 646. 902. 578. 893. 338. 891. 410. 827. 405.
    829. 336. 893. 256. 893. 329. 830. 328. 831. 259. 891. 419. 891.
    490. 827. 480. 827. 413. 892. 500. 892. 567. 829. 555. 828. 489.
    893. 576. 894. 644. 831. 628. 830. 564. 822. 259. 821. 328. 762.
    326. 762. 260. 820. 336. 819. 404. 761. 399. 761. 335. 820. 489.
    821. 554. 764. 543. 762. 480. 819. 414. 818. 480. 762. 471. 761.
    408. 822. 563. 823. 627. 767. 613. 764. 551. 754. 260. 754. 326.
    702. 325. 701. 262. 753. 334. 753. 399. 702. 395. 701. 333. 755.
    479. 757. 541. 706. 532. 704. 471. 757. 550. 759. 611. 707. 598.
    706. 539. 754. 409. 754. 471. 704. 464. 704. 402. 694. 262. 694.
    325. 647. 322. 647. 263. 696. 402. 696. 463. 650. 456. 648. 398.
    695. 334. 695. 394. 648. 389. 648. 331. 697. 471. 698. 530. 652.
    520. 650. 464. 699. 538. 701. 596. 654. 584. 654. 528.</_>
  <_>
    145. 228. 148. 286. 83. 288. 80. 229. 148. 294. 152. 352. 88. 356.
    83. 298. 157. 426. 162. 484. 98. 489. 93. 431. 152. 360. 156. 419.
    92. 422. 88. 365. 162. 492. 166. 549. 103. 555. 99. 497. 219. 291.
    224. 348. 161. 352. 156. 294. 224. 357. 228. 414. 165. 418. 161.
    360. 216. 227. 218. 284. 156. 286. 152. 228. 229. 422. 232. 479.
    170. 484. 165. 427. 233. 486. 236. 543. 175. 549. 170. 492. 288.
    289. 293. 346. 231. 349. 228. 291. 284. 224. 289. 281. 228. 284.
    224. 226. 293. 353. 297. 409. 236. 414. 232. 357. 297. 417. 301.
    473. 240. 478. 236. 422. 352. 223. 356. 279. 296. 281. 292. 225.
    301. 480. 305. 535. 245. 542. 241. 486. 356. 286. 360. 342. 301.
    345. 297. 289. 360. 350. 364. 405. 305. 409. 301. 353. 364. 413.
    367. 468. 309. 472. 305. 417. 418. 222. 421. 276. 364. 279. 360.
    223. 421. 284. 424. 340. 368. 342. 364. 286. 367. 474. 371. 528.
    314. 535. 309. 480. 425. 346. 428. 400. 372. 405. 368. 350. 429.
    408. 432. 461. 376. 467. 372. 412. 480. 220. 484. 275. 428. 277.
    425. 222. 431. 468. 434. 522. 378. 528. 375. 474. 485. 282. 488.
    335. 432. 339. 429. 284. 487. 343. 490. 396. 436. 400. 432. 346.
    490. 403. 493. 456. 439. 461. 436. 407. 541. 219. 545. 272. 492.
    275. 488. 220. 493. 463. 496. 514. 442. 521. 439. 468. 545. 280.
    547. 333. 495. 336. 492. 282. 548. 340. 550. 392. 497. 396. 495.
    343. 549. 399. 553. 450. 500. 455. 498. 403. 553. 458. 554. 509.
    503. 514. 500. 463.</_>
  <_>
    454. 433. 471. 389. 515. 404. 498. 447. 493. 332. 509. 287. 552.
